transcript	gene	n_reads	tx_len	med_reflen	cov_frac	q05_start5	med_start5	frac_reach5	q05_end3	med_end3	frac_reach3	mean_clip5	mean_clip3
YAL001C_mRNA	YAL001C	75	3589	689.0	0.192	1557.4	2782.0	0.0133	0.0	21.0	0.3333	3.16	51.7333
YAL002W_mRNA	YAL002W	44	3825	582.5	0.1523	0.0	2783.0	0.0909	0.0	1.0	0.6136	12.1818	88.8636
YAL003W_mRNA	YAL003W	6950	1001	511.0	0.5105	28.0	352.0	0.0047	47.0	120.0	0.0014	4.5173	48.5167
YAL004W_mRNA	YAL004W	20	4491	204.0	0.0454	574.85	979.0	0.0	2630.55	3321.0	0.05	17.4	90.85
YAL005C_mRNA	YAL005C	1791	2339	652.0	0.2788	202.0	1618.0	0.0	1.0	7.0	0.694	2.5572	39.569
YAL007C_mRNA	YAL007C	459	1030	472.0	0.4583	29.0	413.0	0.0174	112.0	137.0	0.0	2.1394	45.2004
YAL008W_mRNA	YAL008W	123	903	660.0	0.7309	26.5	139.0	0.0407	25.9	79.0	0.0163	3.5772	56.5772
YAL009W_mRNA	YAL009W	62	1358	489.0	0.3601	420.15	845.0	0.0	1.0	8.5	0.5806	2.7903	32.1774
YAL010C_mRNA	YAL010C	82	1695	435.0	0.2566	36.7	1122.5	0.0244	65.1	84.0	0.0122	5.2317	45.061
YAL011W_mRNA	YAL011W	22	2041	586.0	0.2871	842.5	1416.5	0.0	10.25	39.0	0.0909	1.6818	53.8636
YAL012W_mRNA	YAL012W	779	1414	709.0	0.5014	61.0	665.0	0.0013	12.0	16.0	0.0372	4.1065	49.0796
YAL013W_mRNA	YAL013W	64	1396	578.5	0.4144	374.1	809.5	0.0	0.0	6.5	0.75	5.2656	49.7656
YAL014C_mRNA	YAL014C	85	1041	578.0	0.5552	32.8	314.0	0.0118	48.0	79.0	0.0	2.5294	43.6353
YAL015C_mRNA	YAL015C	79	1355	482.0	0.3557	36.0	811.0	0.0	2.7	16.0	0.2278	2.0759	44.1899
YAL016C-A_mRNA	YAL016C-A	1	315	221.0	0.7016	94.0	94.0	0.0	0.0	0.0	1.0	1.0	265.0
YAL016W_mRNA	YAL016W	512	2097	597.0	0.2847	24.1	1441.0	0.0156	8.0	28.0	0.084	2.2617	49.4023
YAL017W_mRNA	YAL017W	124	4512	516.0	0.1144	2589.3	3989.0	0.0161	0.0	2.0	0.8387	3.3145	41.4435
YAL018C_mRNA	YAL018C	6	978	181.5	0.1856	660.5	784.5	0.0	0.0	1.5	0.8333	2.8333	153.3333
YAL019W_mRNA	YAL019W	196	3591	497.0	0.1384	1514.5	3072.0	0.0	0.0	6.0	0.551	2.2347	43.449
YAL020C_mRNA	YAL020C	50	1156	733.5	0.6345	50.7	355.0	0.02	7.2	66.0	0.06	1.68	39.74
YAL021C_mRNA	YAL021C	84	3519	514.5	0.1462	119.7	2372.0	0.0	50.6	81.0	0.0	2.7738	49.6905
YAL022C_mRNA	YAL022C	80	1739	575.5	0.3309	41.0	1001.0	0.0	41.8	101.0	0.025	2.1125	52.075
YAL023C_mRNA	YAL023C	533	2531	611.0	0.2414	59.0	1876.0	0.0	0.0	13.0	0.4296	3.0994	47.1276
YAL024C_mRNA	YAL024C	33	4774	616.0	0.129	809.0	3966.0	0.0	0.0	41.0	0.1515	1.0909	36.0909
YAL025C_mRNA	YAL025C	93	1229	350.0	0.2848	321.2	794.0	0.0108	47.6	91.0	0.0	1.2688	48.0968
YAL026C-A_mRNA	YAL026C-A	40	1415	459.0	0.3244	324.95	866.5	0.025	84.0	95.0	0.0	2.675	34.0
YAL026C_mRNA	YAL026C	59	4488	435.0	0.0969	1632.8	3853.0	0.0	0.0	3.0	0.6949	1.4746	42.0847
YAL027W_mRNA	YAL027W	101	988	779.0	0.7885	10.0	164.0	0.0693	0.0	11.0	0.3267	2.0297	53.1485
YAL028W_mRNA	YAL028W	62	1714	433.0	0.2526	1064.15	1252.5	0.0	0.0	30.5	0.4677	1.0968	45.1613
YAL029C_mRNA	YAL029C	202	4739	611.5	0.129	1500.15	4023.0	0.005	0.0	5.0	0.5941	2.9257	63.8366
YAL030W_mRNA	YAL030W	42	636	452.5	0.7115	6.05	24.5	0.119	89.25	151.5	0.0238	2.7143	50.1905
YAL031C_mRNA	YAL031C	48	2481	510.5	0.2058	55.85	1926.5	0.0625	0.0	18.0	0.3333	3.6875	43.8125
YAL032C_mRNA	YAL032C	27	1414	368.0	0.2603	123.3	985.0	0.0	7.0	24.0	0.1111	2.2963	22.7407
YAL033W_mRNA	YAL033W	281	706	584.0	0.8272	5.0	24.0	0.2028	52.0	96.0	0.0036	2.0071	39.1673
YAL034C-B_mRNA	YAL034C-B	2	427	423.0	0.9906	0.0	0.0	1.0	2.2	4.0	1.0	97.0	65.5
YAL034C_mRNA	YAL034C	49	2037	475.0	0.2332	390.6	1473.0	0.0	11.4	58.0	0.0	3.7143	41.7755
YAL034W-A_mRNA	YAL034W-A	25	1070	373.0	0.3486	25.0	670.0	0.0	22.2	66.0	0.0	1.32	35.6
YAL035W_mRNA	YAL035W	576	3198	555.5	0.1737	1049.5	2608.5	0.0	0.0	13.5	0.4184	3.8455	52.1024
YAL036C_mRNA	YAL036C	114	1429	556.0	0.3891	20.0	789.5	0.0263	55.65	66.0	0.0088	1.7105	40.1053
YAL037W_mRNA	YAL037W	37	2947	292.0	0.0991	0.0	180.0	0.3514	1409.6	2382.0	0.0	47.1351	40.5946
YAL038W_mRNA	YAL038W	15002	1811	543.0	0.2998	127.0	1245.0	0.0001	1.0	4.0	0.6656	2.8778	45.4397
YAL039C_mRNA	YAL039C	135	1013	668.0	0.6594	65.0	325.0	0.0	3.7	16.0	0.0889	3.0296	40.6667
YAL040C_mRNA	YAL040C	125	2257	574.0	0.2543	22.2	1597.0	0.016	0.0	28.0	0.4	3.0	81.608
YAL041W_mRNA	YAL041W	110	2692	435.0	0.1616	949.4	2221.0	0.0	0.0	3.0	0.7091	2.0455	45.1909
YAL042W_mRNA	YAL042W	312	1411	757.5	0.5369	36.0	614.5	0.0	18.55	26.0	0.0353	2.4327	36.4712
YAL043C_mRNA	YAL043C	62	2571	789.5	0.3071	380.65	1606.5	0.0323	108.0	118.0	0.0161	1.5323	42.4194
YAL044C_mRNA	YAL044C	211	859	498.0	0.5797	151.0	251.0	0.0	96.0	110.0	0.0	2.6682	37.8768
YAL044W-A_mRNA	YAL044W-A	68	985	424.0	0.4305	522.0	553.5	0.0147	0.0	0.5	0.8382	2.6176	44.4265
YAL046C_mRNA	YAL046C	84	637	448.5	0.7041	149.0	181.0	0.0	0.0	6.0	0.75	1.3571	41.9643
YAL047C_mRNA	YAL047C	45	1955	704.0	0.3601	49.8	1247.0	0.0222	0.0	7.0	0.6444	2.4222	44.2667
YAL047W-A_mRNA	YAL047W-A	3	854	414.0	0.4848	69.2	359.0	0.0	25.0	61.0	0.0	9.3333	61.0
YAL048C_mRNA	YAL048C	56	3115	799.0	0.2565	201.0	2290.0	0.0	0.0	0.5	0.7857	2.9643	97.0179
YAL049C_mRNA	YAL049C	199	2391	630.0	0.2635	1427.8	1725.0	0.0	23.0	42.0	0.0151	2.6633	47.7487
YAL051W_mRNA	YAL051W	47	3353	412.0	0.1229	892.3	2850.0	0.0	0.0	15.0	0.4468	2.3617	43.4043
YAL053W_mRNA	YAL053W	254	2591	775.0	0.2991	56.95	1789.0	0.0	0.0	3.0	0.8425	3.6772	57.3386
YAL054C_mRNA	YAL054C	69	2348	420.0	0.1789	1489.4	1928.0	0.0	0.0	5.0	0.6232	2.5507	54.2899
YAL055W_mRNA	YAL055W	28	696	344.0	0.4943	33.85	313.0	0.0	1.05	37.5	0.1786	1.9643	31.7857
YAL056W_mRNA	YAL056W	153	2821	490.0	0.1737	22.6	2238.0	0.0458	5.8	45.0	0.0588	1.3399	39.7843
YAL058W_mRNA	YAL058W	50	1768	484.5	0.274	31.8	1154.5	0.02	0.0	145.0	0.14	2.46	52.38
YAL059W_mRNA	YAL059W	199	878	493.0	0.5615	73.0	358.0	0.0	0.0	25.0	0.4673	1.799	45.9648
YAL060W_mRNA	YAL060W	183	1513	628.0	0.4151	158.0	808.0	0.0109	7.1	17.0	0.0765	4.8142	39.0874
YAL061W_mRNA	YAL061W	26	1673	666.0	0.3981	15.0	891.0	0.0385	100.0	151.5	0.0385	3.4231	43.5
YAL062W_mRNA	YAL062W	125	1905	338.0	0.1774	0.4	110.0	0.16	6.8	1472.0	0.064	2.24	40.6
YAL063C-A_mRNA	YAL063C-A	58	1566	687.0	0.4387	377.95	601.0	0.0345	0.0	83.5	0.4483	3.8966	73.2241
YAL063C_mRNA	YAL063C	52	4051	425.5	0.105	3248.85	3612.0	0.0	0.0	10.0	0.5769	7.1538	69.2692
YAL064W_mRNA	YAL064W	8	398	270.5	0.6796	0.0	127.0	0.25	0.0	1.0	1.0	10.375	57.875
YAL066W_mRNA	YAL066W	13	653	108.0	0.1654	0.0	0.0	0.9231	467.0	545.0	0.0	316.7692	25.3846
YAL067C_mRNA	YAL067C	10	1782	322.0	0.1807	206.25	1457.5	0.1	1.0	3.5	1.0	1.2	254.1
YAR002C-A_mRNA	YAR002C-A	367	943	708.0	0.7508	11.0	47.0	0.049	123.0	175.0	0.0027	2.8556	41.4687
YAR002W_mRNA	YAR002W	119	1899	360.0	0.1896	105.1	1390.0	0.0252	24.0	147.0	0.0252	1.8235	46.0756
YAR003W_mRNA	YAR003W	128	1979	648.0	0.3274	32.0	1117.5	0.0234	53.35	156.0	0.0078	2.0625	49.0781
YAR007C_mRNA	YAR007C	106	2020	926.0	0.4584	27.25	1072.0	0.0189	0.0	17.5	0.4528	2.7453	52.6038
YAR008W_mRNA	YAR008W	102	1069	771.0	0.7212	20.15	275.5	0.0098	3.0	25.0	0.1373	3.4902	41.6765
YAR009C_mRNA	YAR009C	798	3591	703.0	0.1958	77.0	2666.0	0.0075	0.0	2.0	0.6792	3.2982	269.8509
YAR010C_mRNA	YAR010C	6	1323	228.5	0.1727	0.0	0.0	0.8333	294.5	975.0	0.0	36.8333	13.5
YAR014C_mRNA	YAR014C	159	2463	464.0	0.1884	1316.8	1980.0	0.0	0.0	13.0	0.4088	2.0126	51.1698
YAR015W_mRNA	YAR015W	117	1389	778.0	0.5601	20.6	361.0	0.0427	161.0	225.0	0.0085	1.3846	49.1368
YAR018C_mRNA	YAR018C	32	1556	437.5	0.2812	37.0	1040.0	0.0	3.0	83.0	0.125	1.25	55.3125
YAR019C_mRNA	YAR019C	57	3018	376.0	0.1246	1004.2	2624.0	0.0175	0.0	5.0	0.7895	5.5439	61.614
YAR019W-A_mRNA	YAR019W-A	37	1400	532.0	0.38	560.4	840.0	0.0	0.0	0.0	0.7568	2.4865	111.7297
YAR020C_mRNA	YAR020C	7	1524	525.0	0.3445	326.6	999.0	0.0	0.0	0.0	0.8571	1.4286	29.4286
YAR023C_mRNA	YAR023C	37	1464	513.0	0.3504	0.0	903.0	0.0811	0.0	0.0	0.7838	10.1351	56.8919
YAR027W_mRNA	YAR027W	448	1016	617.0	0.6073	29.0	311.5	0.0134	24.0	35.0	0.0179	3.0067	43.4777
YAR028W_mRNA	YAR028W	128	1145	637.0	0.5563	11.0	286.5	0.0312	180.0	182.0	0.0	2.5469	39.2344
YAR029W_mRNA	YAR029W	93	1745	509.0	0.2917	69.4	413.0	0.0215	0.0	957.0	0.3333	4.957	48.0968
YAR030C_mRNA	YAR030C	3	342	182.0	0.5322	0.0	0.0	0.6667	99.2	137.0	0.0	84.6667	26.6667
YAR031W_mRNA	YAR031W	13	1068	811.0	0.7594	154.6	246.0	0.0	0.6	13.0	0.3846	1.8462	65.2308
YAR033W_mRNA	YAR033W	62	1341	516.0	0.3848	139.2	460.0	0.0	0.0	347.5	0.2258	3.0806	52.129
YAR035W_mRNA	YAR035W	25	2211	428.0	0.1936	925.8	1769.0	0.0	0.0	2.0	0.6	6.28	75.0
YAR042W_mRNA	YAR042W	77	3921	420.0	0.1071	1667.0	3476.0	0.0	0.0	7.0	0.5455	2.2987	113.1299
YAR050W_mRNA	YAR050W	13	5334	485.0	0.0909	5.0	4674.0	0.1538	0.0	7.0	0.6154	309.0	94.4615
YAR053W_mRNA	YAR053W	11	1439	657.0	0.4566	192.0	633.0	0.0	0.0	2.0	0.6364	0.4545	61.3636
YAR060C_mRNA	YAR060C	4	905	287.5	0.3177	89.35	225.0	0.0	52.05	299.5	0.25	3.0	72.25
YAR069C_mRNA	YAR069C	2	294	288.5	0.9813	0.1	1.0	1.0	1.35	4.5	1.0	9.0	109.0
YAR071W_mRNA	YAR071W	43	1756	1183.0	0.6737	264.5	337.0	0.0	10.0	18.0	0.3023	1.9302	63.6744
YBL001C_mRNA	YBL001C	796	791	392.0	0.4956	177.0	231.0	0.0	12.0	166.0	0.0503	2.4209	36.6219
YBL002W_mRNA	YBL002W	1076	1294	592.0	0.4575	595.0	695.0	0.0	0.0	1.0	0.8578	2.9879	62.2612
YBL003C_mRNA	YBL003C	3458	958	581.0	0.6065	22.0	55.0	0.0058	296.0	320.0	0.0003	2.0894	42.6145
YBL004W_mRNA	YBL004W	266	7894	673.5	0.0853	1292.25	7104.5	0.0038	1.0	8.0	0.7143	4.4098	45.6729
YBL005W-A_mRNA	YBL005W-A	9	1323	357.0	0.2698	1.6	483.0	0.3333	220.2	548.0	0.0	26.3333	50.3333
YBL005W-B_mRNA	YBL005W-B	1623	5268	931.0	0.1767	1180.2	4206.0	0.0154	0.0	0.0	0.8238	3.1091	304.9033
YBL005W_mRNA	YBL005W	55	3845	519.0	0.135	944.4	2749.0	0.0	0.0	613.0	0.2364	1.8545	87.1455
YBL006C_mRNA	YBL006C	171	809	662.0	0.8183	16.0	81.0	0.0117	8.0	55.0	0.0702	5.8772	41.4737
YBL006W-A_mRNA	YBL006W-A	2	857	589.0	0.6873	163.85	261.5	0.0	1.55	6.5	0.5	0.0	87.5
YBL007C_mRNA	YBL007C	274	3969	493.5	0.1243	1760.2	3384.0	0.0	0.0	98.0	0.1314	4.4088	46.8102
YBL008W_mRNA	YBL008W	56	2703	435.0	0.1609	1270.0	2248.5	0.0	0.0	26.0	0.3214	1.5357	58.6964
YBL009W_mRNA	YBL009W	82	2209	388.0	0.1756	41.2	1815.5	0.0	0.0	6.0	0.7561	1.8293	46.6829
YBL010C_mRNA	YBL010C	43	1214	295.0	0.243	57.2	798.0	0.0	0.3	123.0	0.1395	2.3256	36.7674
YBL011W_mRNA	YBL011W	123	3208	375.0	0.1169	646.4	2808.0	0.0	0.0	14.0	0.439	2.7154	36.2602
YBL014C_mRNA	YBL014C	58	2859	537.0	0.1878	299.25	2247.0	0.0	0.0	33.0	0.4483	3.3448	39.4828
YBL015W_mRNA	YBL015W	107	2030	502.0	0.2473	106.6	1484.0	0.0	1.0	12.0	0.4019	8.6449	47.7103
YBL016W_mRNA	YBL016W	106	1268	521.0	0.4109	18.25	638.0	0.0283	1.0	10.0	0.5377	2.8491	47.5566
YBL017C_mRNA	YBL017C	208	5000	396.0	0.0792	1151.8	4572.0	0.0096	0.0	1.0	0.7885	4.6731	38.4327
YBL018C_mRNA	YBL018C	166	767	482.5	0.6291	0.25	17.0	0.247	202.25	263.0	0.012	4.5904	38.488
YBL019W_mRNA	YBL019W	50	1748	766.0	0.4382	103.8	947.5	0.02	4.0	11.0	0.46	7.62	48.14
YBL020W_mRNA	YBL020W	102	2617	590.5	0.2256	739.75	2008.0	0.0	0.0	2.0	0.8725	3.9902	54.2843
YBL021C_mRNA	YBL021C	53	1034	579.0	0.56	388.6	436.0	0.0	0.0	2.0	0.717	2.2453	38.3019
YBL022C_mRNA	YBL022C	215	3627	453.0	0.1249	1523.1	3148.0	0.0	6.0	14.0	0.2791	1.4186	39.5721
YBL023C_mRNA	YBL023C	96	3036	604.0	0.1989	1577.25	2411.5	0.0	0.0	16.0	0.3125	2.6667	51.0312
YBL024W_mRNA	YBL024W	238	2484	631.0	0.254	138.0	1691.5	0.0	1.0	162.0	0.0672	2.4496	49.7353
YBL025W_mRNA	YBL025W	54	1080	481.5	0.4458	8.5	471.0	0.0556	86.1	126.0	0.0	3.3148	47.1481
YBL026W_mRNA	YBL026W	971	846	445.0	0.526	1.0	37.0	0.2049	361.0	364.0	0.0	12.2297	38.9454
YBL027W_mRNA	YBL027W	5340	981	445.0	0.4536	7.0	234.0	0.114	270.0	299.0	0.0002	2.1051	35.0854
YBL028C_mRNA	YBL028C	889	664	506.0	0.762	11.0	47.0	0.0472	17.0	48.0	0.0124	3.3487	43.901
YBL029C-A_mRNA	YBL029C-A	295	1689	415.0	0.2457	1182.7	1236.0	0.0	0.0	30.0	0.2068	2.9424	53.4542
YBL029W_mRNA	YBL029W	52	1471	352.0	0.2393	192.2	880.5	0.0	1.0	8.5	0.5192	2.0769	44.8654
YBL030C_mRNA	YBL030C	1147	1427	548.0	0.384	29.0	834.0	0.0035	5.6	20.0	0.0837	2.762	47.0506
YBL031W_mRNA	YBL031W	25	1222	374.0	0.3061	18.8	839.0	0.04	8.2	14.0	0.16	2.2	42.8
YBL032W_mRNA	YBL032W	181	1449	469.0	0.3237	19.0	956.0	0.0055	2.0	22.0	0.2762	3.0773	44.4475
YBL033C_mRNA	YBL033C	194	1238	621.0	0.5016	11.0	512.5	0.0103	82.95	104.0	0.0206	1.2835	48.8505
YBL034C_mRNA	YBL034C	60	4827	592.5	0.1227	2712.35	4128.0	0.0	0.0	20.0	0.2	2.9667	35.8667
YBL035C_mRNA	YBL035C	38	2339	535.0	0.2287	137.5	1745.5	0.0	57.4	77.0	0.0	1.6579	28.6316
YBL036C_mRNA	YBL036C	433	1983	764.0	0.3853	715.2	1087.0	0.0	0.0	1.0	0.6605	2.2517	45.0831
YBL037W_mRNA	YBL037W	58	3316	728.0	0.2195	168.25	2162.0	0.0	2.0	41.0	0.2414	5.4138	52.569
YBL038W_mRNA	YBL038W	88	933	473.0	0.507	8.0	361.0	0.1705	77.4	108.0	0.0	5.7386	44.3523
YBL039C-A_mRNA	YBL039C-A	214	1917	515.5	0.2689	2.6	1360.5	0.0561	1.0	77.0	0.2103	4.9766	45.5514
YBL039C_mRNA	YBL039C	428	2081	539.0	0.259	25.0	1433.0	0.0187	19.15	93.0	0.0421	4.986	46.6168
YBL039W-B_mRNA	YBL039W-B	143	650	482.0	0.7415	0.0	119.0	0.1469	33.0	45.0	0.0	1.8252	47.6643
YBL040C_mRNA	YBL040C	618	1058	741.0	0.7004	265.0	289.0	0.0016	0.0	10.0	0.5049	3.6634	57.2686
YBL041W_mRNA	YBL041W	609	1030	341.0	0.3311	196.0	674.0	0.0066	1.0	7.0	0.5747	2.2709	60.7143
YBL042C_mRNA	YBL042C	191	2145	476.0	0.2219	14.0	1634.0	0.0419	0.0	1.0	0.6859	2.9319	55.8377
YBL043W_mRNA	YBL043W	21	1112	553.0	0.4973	0.0	285.0	0.2857	1.0	12.0	0.381	24.0476	58.6667
YBL044W_mRNA	YBL044W	4	369	231.0	0.626	86.65	135.0	0.0	0.0	0.0	1.0	2.75	162.25
YBL045C_mRNA	YBL045C	376	1850	544.0	0.2941	86.0	1279.5	0.0	0.0	0.0	0.6543	2.3085	86.3777
YBL046W_mRNA	YBL046W	47	1531	422.0	0.2756	795.5	1096.0	0.0	0.6	13.0	0.4894	0.8511	46.1489
YBL047C_mRNA	YBL047C	333	4530	473.0	0.1044	2721.4	3996.0	0.0	0.0	8.0	0.5375	1.7748	41.1441
YBL048W_mRNA	YBL048W	31	1169	444.0	0.3798	13.0	437.0	0.0323	1.0	272.0	0.1613	1.8065	50.8065
YBL049W_mRNA	YBL049W	7	895	675.0	0.7542	16.3	79.0	0.0	1.6	4.0	0.5714	4.0	56.8571
YBL050W_mRNA	YBL050W	330	1066	630.5	0.5915	4.0	360.5	0.1121	41.0	48.0	0.003	4.3788	45.9606
YBL051C_mRNA	YBL051C	107	2520	482.0	0.1913	482.9	1863.0	0.0093	0.0	132.0	0.4019	1.9626	43.7944
YBL052C_mRNA	YBL052C	15	2791	294.0	0.1053	698.1	2269.0	0.0	0.0	302.0	0.4667	1.2	27.6667
YBL054W_mRNA	YBL054W	111	2620	448.0	0.171	410.0	2080.0	0.0	0.0	41.0	0.2252	2.4414	41.4324
YBL055C_mRNA	YBL055C	235	1747	508.0	0.2908	413.1	1233.0	0.0	0.0	2.0	0.8681	2.234	54.8809
YBL056W_mRNA	YBL056W	509	1955	545.0	0.2788	47.0	1355.0	0.002	13.0	42.0	0.0452	3.2063	48.6169
YBL057C_mRNA	YBL057C	146	1168	558.5	0.4782	13.0	148.0	0.0479	442.0	452.0	0.0	2.1164	43.6918
YBL058W_mRNA	YBL058W	173	1458	716.0	0.4911	13.6	568.0	0.0231	29.2	42.0	0.0116	3.2197	48.7803
YBL059C-A_mRNA	YBL059C-A	158	1199	417.5	0.3482	639.55	749.0	0.0	0.0	33.0	0.2722	2.3734	40.5063
YBL059W_mRNA	YBL059W	42	1071	480.5	0.4486	537.0	578.5	0.0	0.0	5.5	0.5952	2.6905	61.0238
YBL060W_mRNA	YBL060W	47	2342	416.0	0.1776	75.8	1847.0	0.0426	0.0	7.0	0.5957	2.7447	44.2553
YBL061C_mRNA	YBL061C	221	2319	601.0	0.2592	121.0	1653.0	0.0	15.0	45.0	0.0317	1.8869	43.0226
YBL062W_mRNA	YBL062W	12	1371	308.0	0.2247	325.15	728.0	0.0	335.7	356.5	0.0	3.0	38.4167
YBL063W_mRNA	YBL063W	24	3465	1011.5	0.2919	976.2	2265.0	0.0	2.3	33.5	0.3333	1.4167	43.9167
YBL064C_mRNA	YBL064C	187	1118	570.0	0.5098	211.8	509.0	0.0	0.0	1.0	0.8342	1.8824	46.9251
YBL065W_mRNA	YBL065W	3	345	177.0	0.513	77.6	137.0	0.0	0.2	2.0	0.6667	4.3333	61.0
YBL066C_mRNA	YBL066C	43	3971	500.0	0.1259	1117.2	3237.0	0.0	8.2	60.0	0.1163	3.0465	51.8837
YBL067C_mRNA	YBL067C	130	2621	542.5	0.207	584.5	2052.5	0.0077	0.0	5.0	0.7462	1.7385	48.4769
YBL068W-A_mRNA	YBL068W-A	32	1108	503.5	0.4544	226.8	501.0	0.0	21.65	118.5	0.0	0.7188	50.75
YBL068W_mRNA	YBL068W	279	1562	530.0	0.3393	10.0	622.0	0.0538	303.9	425.0	0.0	2.6667	42.2186
YBL069W_mRNA	YBL069W	44	1705	869.5	0.51	194.1	750.5	0.0	2.05	86.0	0.0909	1.1818	55.1364
YBL071W-A_mRNA	YBL071W-A	29	811	456.0	0.5623	17.2	162.0	0.0345	41.0	271.0	0.0345	6.4828	44.0
YBL072C_mRNA	YBL072C	11260	904	700.0	0.7743	11.0	23.0	0.0381	155.0	170.0	0.0002	7.5241	40.2299
YBL074C_mRNA	YBL074C	5	1375	666.0	0.4844	0.0	8.0	0.6	139.4	699.0	0.2	135.2	119.4
YBL075C_mRNA	YBL075C	36	2632	450.0	0.171	843.25	2125.5	0.0	0.0	0.5	0.7222	1.6389	37.1944
YBL076C_mRNA	YBL076C	1528	3363	639.0	0.19	582.2	2704.0	0.0007	0.0	6.0	0.6204	3.0347	43.5923
YBL078C_mRNA	YBL078C	282	883	535.0	0.6059	14.0	52.5	0.0142	0.0	10.0	0.5426	2.5496	40.4113
YBL079W_mRNA	YBL079W	332	4658	602.5	0.1293	2341.5	4024.5	0.0	0.0	6.0	0.6416	3.1596	48.4488
YBL080C_mRNA	YBL080C	36	1802	513.5	0.285	217.75	1229.0	0.0	0.0	29.5	0.1111	2.6389	37.25
YBL081W_mRNA	YBL081W	64	1792	529.5	0.2955	248.0	1215.5	0.0	3.0	22.0	0.3906	7.9219	49.9688
YBL082C_mRNA	YBL082C	56	1482	852.0	0.5749	24.75	622.0	0.0	0.0	0.0	0.7679	1.0536	74.4464
YBL083C_mRNA	YBL083C	15	1427	556.0	0.3896	173.6	855.0	0.0667	0.7	9.0	0.5333	6.9333	74.6667
YBL084C_mRNA	YBL084C	56	2536	422.5	0.1666	28.0	2098.5	0.0357	3.0	12.0	0.3393	1.2857	68.3214
YBL085W_mRNA	YBL085W	110	3268	490.5	0.1501	1222.1	2753.5	0.0	0.0	11.0	0.4909	2.4273	49.6182
YBL086C_mRNA	YBL086C	40	1584	355.5	0.2244	57.7	1216.5	0.0	6.85	16.0	0.375	1.325	40.775
YBL087C_mRNA	YBL087C	4052	748	511.0	0.6832	70.0	98.0	0.003	108.0	130.0	0.0012	2.4901	40.5459
YBL088C_mRNA	YBL088C	76	8453	548.0	0.0648	1268.5	6020.5	0.0	0.75	1050.5	0.2368	2.0526	50.2895
YBL089W_mRNA	YBL089W	95	1676	458.0	0.2733	7.4	878.0	0.0632	187.0	220.0	0.0105	2.6632	49.1895
YBL090W_mRNA	YBL090W	174	792	638.0	0.8056	1.0	44.0	0.069	92.0	105.0	0.0115	3.7931	43.1437
YBL091C-A_mRNA	YBL091C-A	59	848	441.0	0.52	77.0	308.0	0.0	71.7	109.0	0.0	13.5424	32.9153
YBL091C_mRNA	YBL091C	119	1639	869.0	0.5302	19.1	505.0	0.0336	197.8	261.0	0.0	3.8655	49.0168
YBL092W_mRNA	YBL092W	8783	908	478.0	0.5264	339.0	351.0	0.0	1.0	67.0	0.3318	3.1566	38.8658
YBL093C_mRNA	YBL093C	224	1222	513.0	0.4198	34.0	400.0	0.0357	238.0	289.0	0.0	2.5312	42.4643
YBL095W_mRNA	YBL095W	75	1971	644.0	0.3267	756.8	1140.0	0.0	115.0	140.0	0.0	2.0133	44.3333
YBL098W_mRNA	YBL098W	93	1383	555.0	0.4013	0.0	631.0	0.3118	0.0	0.0	0.8817	9.0108	147.4086
YBL099W_mRNA	YBL099W	923	2280	460.0	0.2018	67.0	1718.0	0.0	25.0	83.0	0.0076	2.7151	45.3684
YBL100W-A_mRNA	YBL100W-A	4	1317	205.0	0.1557	650.65	846.0	0.0	53.1	239.5	0.0	1.0	45.25
YBL100W-B_mRNA	YBL100W-B	38	5313	798.0	0.1502	971.7	3609.5	0.0263	0.0	11.5	0.5	5.9474	178.3158
YBL101C_mRNA	YBL101C	91	3806	447.0	0.1174	1131.0	3319.0	0.0	10.0	33.0	0.0769	1.5824	45.9231
YBL102W_mRNA	YBL102W	262	1059	499.5	0.4717	124.0	532.5	0.0	0.0	38.0	0.4198	3.5802	44.416
YBL103C_mRNA	YBL103C	164	2217	547.0	0.2467	62.6	1498.5	0.0244	11.3	159.0	0.0488	3.5732	44.9573
YBL104C_mRNA	YBL104C	79	3525	363.0	0.103	1846.0	3113.0	0.0	0.9	63.0	0.1772	2.7722	46.4557
YBL105C_mRNA	YBL105C	88	3861	567.5	0.147	943.55	3147.5	0.0	0.0	6.5	0.5795	2.0455	56.1136
YBL106C_mRNA	YBL106C	22	3184	418.0	0.1313	56.7	2662.0	0.0909	0.0	6.0	0.5909	24.2727	97.8182
YBL107C_mRNA	YBL107C	173	1007	437.0	0.434	184.4	434.0	0.0231	83.0	107.0	0.0058	4.9017	38.7399
YBL111C_mRNA	YBL111C	5	2004	314.0	0.1567	457.0	1108.0	0.0	451.6	593.0	0.0	0.6	16.0
YBL113C_mRNA	YBL113C	31	2802	375.0	0.1338	1433.5	2229.0	0.0	198.0	211.0	0.0	1.8387	33.8065
YBR001C_mRNA	YBR001C	76	2650	423.5	0.1598	104.25	2136.0	0.0	0.0	84.5	0.1842	2.3947	43.5263
YBR002C_mRNA	YBR002C	98	1128	401.5	0.3559	5.4	517.5	0.1735	7.55	126.0	0.0612	2.1735	30.8061
YBR003W_mRNA	YBR003W	164	1584	379.0	0.2393	12.0	1194.0	0.0366	1.0	2.0	0.8659	5.4634	43.5671
YBR004C_mRNA	YBR004C	123	2444	552.0	0.2259	1039.4	1823.0	0.0	0.0	4.0	0.7967	2.8537	48.2764
YBR005W_mRNA	YBR005W	143	1092	688.0	0.63	16.1	189.0	0.042	175.9	221.0	0.0	2.4266	45.979
YBR006W_mRNA	YBR006W	138	1770	667.0	0.3768	99.7	1087.0	0.0072	0.0	8.0	0.7174	9.5072	52.4638
YBR007C_mRNA	YBR007C	103	2488	395.0	0.1588	183.9	1981.0	0.0097	1.1	37.0	0.1942	7.1456	50.2524
YBR008C_mRNA	YBR008C	72	2477	420.5	0.1698	475.3	1963.5	0.0278	0.0	16.5	0.4028	6.7639	78.0556
YBR009C_mRNA	YBR009C	4533	1000	485.0	0.485	497.0	512.0	0.0	0.0	0.0	0.9215	1.865	50.7483
YBR010W_mRNA	YBR010W	3637	795	560.0	0.7044	10.0	24.0	0.0682	193.0	204.0	0.0014	1.8829	38.5147
YBR011C_mRNA	YBR011C	1608	1135	728.5	0.6419	24.0	289.5	0.0267	103.0	105.0	0.0031	2.5491	44.194
YBR012C_mRNA	YBR012C	69	824	104.0	0.1262	20.6	93.0	0.0145	624.4	635.0	0.0	1.7246	219.4058
YBR012W-B_mRNA	YBR012W-B	616	5271	429.0	0.0814	1708.75	4770.5	0.0032	0.0	0.0	0.7825	3.0097	285.3198
YBR013C_mRNA	YBR013C	50	887	155.0	0.1747	715.0	718.5	0.0	0.0	13.0	0.44	109.46	46.74
YBR014C_mRNA	YBR014C	262	914	716.0	0.7834	111.0	187.0	0.0038	0.0	11.0	0.3473	2.3359	47.4695
YBR015C_mRNA	YBR015C	389	2346	528.0	0.2251	340.4	1794.0	0.0	0.0	3.0	0.7712	2.4859	50.7121
YBR016W_mRNA	YBR016W	275	1097	593.0	0.5406	460.0	496.0	0.0	0.0	9.0	0.6945	3.4982	49.7927
YBR017C_mRNA	YBR017C	200	3012	524.5	0.1741	470.55	2409.0	0.0	0.0	74.0	0.26	1.42	49.805
YBR019C_mRNA	YBR019C	20	2100	263.5	0.1255	1811.6	1835.0	0.0	0.0	0.0	1.0	1.5	141.0
YBR020W_mRNA	YBR020W	10	2444	456.0	0.1866	66.15	1713.0	0.1	0.9	4.5	0.7	26.4	72.8
YBR021W_mRNA	YBR021W	47	2224	504.0	0.2266	88.3	1488.0	0.0	4.3	28.0	0.1489	1.617	54.2766
YBR022W_mRNA	YBR022W	162	933	662.5	0.7101	176.0	240.0	0.0	0.0	9.0	0.5494	1.7778	44.3148
YBR023C_mRNA	YBR023C	254	3837	527.5	0.1375	1004.6	3205.0	0.0157	1.0	73.0	0.1142	3.0354	47.126
YBR024W_mRNA	YBR024W	47	1462	1030.0	0.7045	222.5	380.0	0.0	0.0	10.0	0.5319	2.1489	37.5532
YBR025C_mRNA	YBR025C	1322	2094	729.0	0.3481	133.0	747.5	0.0015	513.0	539.0	0.0	1.9561	43.7632
YBR026C_mRNA	YBR026C	186	1355	625.0	0.4613	39.75	707.5	0.0	1.0	12.0	0.2473	2.3817	43.9946
YBR027C_mRNA	YBR027C	29	1378	346.0	0.2511	166.2	755.0	0.0	270.4	274.0	0.0	2.931	36.6207
YBR028C_mRNA	YBR028C	44	1847	596.5	0.323	40.65	1217.5	0.0455	0.0	2.0	0.7727	2.5227	47.1591
YBR029C_mRNA	YBR029C	276	1638	476.0	0.2906	82.75	1133.5	0.0	5.0	11.0	0.4783	2.1051	47.75
YBR030W_mRNA	YBR030W	46	2051	564.0	0.275	359.75	1415.5	0.0	27.25	61.0	0.0	3.3043	54.1087
YBR031W_mRNA	YBR031W	4429	1335	694.0	0.5199	43.0	528.0	0.0018	89.0	107.0	0.0009	2.3184	44.2195
YBR033W_mRNA	YBR033W	13	3453	499.0	0.1445	0.0	2502.0	0.1538	34.6	516.0	0.0	44.6923	62.3846
YBR034C_mRNA	YBR034C	454	1654	492.0	0.2975	49.0	796.0	0.0066	344.0	362.0	0.0	3.5066	46.8216
YBR035C_mRNA	YBR035C	394	1198	740.0	0.6177	352.0	385.0	0.0305	0.0	32.0	0.2056	6.9822	36.3985
YBR036C_mRNA	YBR036C	383	1631	490.0	0.3004	27.0	992.0	0.0104	136.0	138.0	0.0131	3.7702	45.4491
YBR037C_mRNA	YBR037C	37	1020	871.0	0.8539	22.0	107.0	0.027	0.0	0.0	0.7838	5.1351	30.2432
YBR038W_mRNA	YBR038W	111	3122	489.0	0.1566	1997.5	2611.0	0.0	0.0	9.0	0.5946	1.3333	46.3423
YBR039W_mRNA	YBR039W	491	1465	597.0	0.4075	14.0	578.0	0.0122	250.0	257.0	0.0	2.556	47.723
YBR041W_mRNA	YBR041W	213	2267	571.0	0.2519	67.2	1557.0	0.0	0.0	4.0	0.6854	2.3991	52.7371
YBR042C_mRNA	YBR042C	214	1383	664.5	0.4805	8.65	619.5	0.0607	61.0	69.0	0.014	4.972	46.285
YBR043C_mRNA	YBR043C	127	2373	402.0	0.1694	116.2	1944.0	0.0	2.0	45.0	0.2441	2.2441	43.7638
YBR044C_mRNA	YBR044C	54	1877	366.5	0.1953	55.4	1483.5	0.037	0.0	5.0	0.537	3.1667	44.2407
YBR045C_mRNA	YBR045C	58	2769	533.5	0.1927	944.8	1774.0	0.0	8.95	589.0	0.069	2.0172	43.3276
YBR046C_mRNA	YBR046C	92	1479	522.5	0.3533	18.0	730.0	0.0326	91.95	166.0	0.0	1.837	55.5326
YBR047W_mRNA	YBR047W	117	1206	607.0	0.5033	504.0	560.0	0.0	14.0	35.0	0.0171	2.6838	36.3248
YBR048W_mRNA	YBR048W	4008	965	676.0	0.7005	41.0	66.0	0.0062	188.0	215.0	0.0	2.6539	42.6539
YBR049C_mRNA	YBR049C	71	2829	461.0	0.163	1526.0	2359.0	0.0	0.0	10.0	0.5915	2.0845	48.0986
YBR050C_mRNA	YBR050C	15	1322	577.0	0.4365	89.0	740.0	0.0	4.1	6.0	0.7333	2.4667	65.6
YBR052C_mRNA	YBR052C	258	891	673.0	0.7553	17.85	89.0	0.0194	58.0	128.0	0.031	5.093	41.1047
YBR053C_mRNA	YBR053C	82	1432	735.0	0.5133	5.05	422.0	0.1341	207.55	273.0	0.0	2.5854	49.6951
YBR054W_mRNA	YBR054W	568	1803	501.0	0.2779	10.35	1020.5	0.0511	0.0	92.0	0.1461	6.8451	54.8539
YBR055C_mRNA	YBR055C	65	2903	598.0	0.206	89.0	2118.0	0.0154	0.0	18.0	0.2769	4.9846	39.9692
YBR056W-A_mRNA	YBR056W-A	1172	808	603.5	0.7469	153.0	173.0	0.0009	0.0	0.0	0.8669	3.3046	64.7329
YBR056W_mRNA	YBR056W	185	1624	760.0	0.468	11.0	856.0	0.0378	0.2	9.0	0.573	4.227	51.9459
YBR057C_mRNA	YBR057C	121	1350	456.0	0.3378	34.0	860.0	0.0	0.0	24.0	0.3636	1.1488	63.6364
YBR058C-A_mRNA	YBR058C-A	667	546	437.0	0.8004	0.0	26.0	0.1349	50.0	69.0	0.0	3.2759	36.1874
YBR058C_mRNA	YBR058C	74	2577	527.5	0.2047	68.0	2022.5	0.0	0.0	4.0	0.5405	3.0405	56.0541
YBR059C_mRNA	YBR059C	85	3566	529.0	0.1483	401.0	2941.0	0.0118	0.0	29.0	0.4235	3.4353	42.3882
YBR060C_mRNA	YBR060C	135	2049	401.0	0.1957	327.7	1611.0	0.0	0.0	18.0	0.363	2.2963	50.6444
YBR061C_mRNA	YBR061C	186	1572	568.5	0.3616	10.0	539.0	0.0753	438.5	456.0	0.0	3.2957	38.7849
YBR062C_mRNA	YBR062C	257	928	623.0	0.6713	200.6	283.0	0.0195	0.0	10.0	0.537	9.358	43.5992
YBR063C_mRNA	YBR063C	82	2648	435.0	0.1643	751.95	2127.5	0.0122	0.0	4.5	0.7439	4.4268	65.8537
YBR065C_mRNA	YBR065C	11	1737	559.0	0.3218	40.5	761.0	0.0	220.5	275.0	0.0	1.7273	44.8182
YBR066C_mRNA	YBR066C	121	1072	447.0	0.417	7.0	560.0	0.0579	0.0	9.0	0.5372	11.1405	42.3471
YBR067C_mRNA	YBR067C	1340	1155	737.0	0.6381	337.0	377.0	0.0	6.0	22.0	0.1381	3.4813	56.709
YBR068C_mRNA	YBR068C	697	2129	623.0	0.2926	28.0	988.0	0.0043	0.0	18.0	0.4605	4.9885	44.0674
YBR069C_mRNA	YBR069C	307	2188	388.0	0.1773	76.0	1746.0	0.0195	0.0	12.0	0.4202	3.0912	49.2866
YBR070C_mRNA	YBR070C	67	882	583.0	0.661	18.8	186.0	0.0448	69.2	75.0	0.0	3.5075	42.791
YBR071W_mRNA	YBR071W	141	1127	835.0	0.7409	154.0	267.0	0.0	4.0	12.0	0.3617	3.5603	48.9645
YBR072W_mRNA	YBR072W	172	1299	821.0	0.632	424.0	461.0	0.0058	0.0	1.0	0.907	3.3488	37.157
YBR073W_mRNA	YBR073W	202	3218	511.5	0.1589	894.85	2602.0	0.0	0.0	20.0	0.2376	3.9802	48.5693
YBR074W_mRNA	YBR074W	202	3199	376.5	0.1177	611.95	2770.5	0.0	0.0	56.0	0.302	1.302	39.0198
YBR076C-A_mRNA	YBR076C-A	169	2216	353.0	0.1593	18.4	815.0	0.0355	746.4	1064.0	0.0237	2.9349	54.4438
YBR077C_mRNA	YBR077C	53	1254	713.0	0.5686	153.6	516.0	0.0	1.6	8.0	0.6038	1.1887	63.5283
YBR078W_mRNA	YBR078W	2430	2124	526.5	0.2479	29.0	1237.5	0.0049	135.0	283.0	0.007	4.6831	48.9531
YBR079C_mRNA	YBR079C	368	3071	571.0	0.1859	547.55	2435.5	0.0027	2.0	66.0	0.0571	1.356	43.6522
YBR080C_mRNA	YBR080C	282	2463	361.0	0.1466	34.3	2071.5	0.0	0.0	15.5	0.3865	1.7801	50.6738
YBR081C_mRNA	YBR081C	75	4208	610.0	0.145	2014.6	3559.0	0.0133	0.0	3.0	0.8	2.0667	63.0533
YBR082C_mRNA	YBR082C	1573	1081	543.0	0.5023	33.0	162.0	0.0076	336.0	358.0	0.0051	3.4228	39.3325
YBR083W_mRNA	YBR083W	84	1773	567.5	0.3201	0.0	963.5	0.0833	0.0	8.0	0.5357	44.7262	49.2738
YBR084C-A_mRNA	YBR084C-A	4330	893	514.0	0.5756	190.0	351.5	0.0009	1.0	12.0	0.3945	3.3139	36.5072
YBR084W_mRNA	YBR084W	581	3188	553.0	0.1735	315.0	2554.0	0.0034	6.0	45.0	0.0568	3.4234	41.7883
YBR085C-A_mRNA	YBR085C-A	2478	1208	607.0	0.5025	524.0	576.0	0.0004	0.0	15.0	0.3362	3.299	43.4157
YBR085W_mRNA	YBR085W	57	1642	542.0	0.3301	463.8	1035.0	0.0175	0.0	1.0	0.807	2.2281	62.5263
YBR086C_mRNA	YBR086C	402	3284	481.5	0.1466	171.45	2731.0	0.0	0.0	2.0	0.8682	2.3383	51.5199
YBR087W_mRNA	YBR087W	297	1287	686.0	0.533	143.0	534.0	0.0236	0.0	3.0	0.7845	3.8586	54.8855
YBR088C_mRNA	YBR088C	250	1026	671.5	0.6545	4.8	215.0	0.056	86.0	129.0	0.004	3.58	40.0
YBR089C-A_mRNA	YBR089C-A	88	591	422.5	0.7149	48.0	104.0	0.0	41.7	63.5	0.0227	11.0455	33.7159
YBR089W_mRNA	YBR089W	1	1009	739.0	0.7324	164.0	164.0	0.0	106.0	106.0	0.0	0.0	82.0
YBR090C_mRNA	YBR090C	446	1159	486.0	0.4193	1.0	632.0	0.0919	4.0	21.0	0.2848	16.9888	38.63
YBR091C_mRNA	YBR091C	88	556	442.0	0.795	12.0	23.0	0.0341	77.7	90.0	0.0	2.2273	43.4659
YBR092C_mRNA	YBR092C	642	3199	387.0	0.121	262.75	1167.0	0.0125	0.0	1840.0	0.3287	5.4486	50.8224
YBR093C_mRNA	YBR093C	396	1958	530.5	0.2709	466.0	1333.0	0.0	0.0	0.0	0.8535	1.6591	46.4899
YBR094W_mRNA	YBR094W	107	2449	470.0	0.1919	739.5	1928.0	0.0093	15.0	15.0	0.0	3.3458	47.1215
YBR095C_mRNA	YBR095C	58	1458	493.0	0.3381	61.85	933.0	0.0	0.0	6.0	0.7586	1.7759	47.2759
YBR096W_mRNA	YBR096W	257	935	722.0	0.7722	7.0	82.0	0.1401	82.0	94.0	0.0039	3.0272	49.716
YBR097W_mRNA	YBR097W	80	4580	642.5	0.1403	774.1	3436.0	0.0125	0.0	97.0	0.1375	3.175	41.35
YBR098W_mRNA	YBR098W	15	2360	1107.0	0.4691	87.5	985.0	0.0667	0.0	52.0	0.3333	2.4	54.4
YBR099C_mRNA	YBR099C	3	388	249.0	0.6418	34.8	69.0	0.0	67.0	67.0	0.0	2.0	45.3333
YBR101C_mRNA	YBR101C	2602	2555	552.0	0.216	803.0	1191.5	0.0	747.15	803.0	0.0038	3.2064	48.0527
YBR102C_mRNA	YBR102C	58	2463	768.0	0.3118	18.0	1612.5	0.0517	0.0	28.5	0.0862	3.0345	64.3103
YBR103C-A_mRNA	YBR103C-A	1	144	144.0	1.0	0.0	0.0	1.0	0.0	0.0	1.0	147.0	24.0
YBR103W_mRNA	YBR103W	74	1882	571.0	0.3034	94.5	1219.5	0.0	8.65	13.0	0.0946	2.3243	59.027
YBR104W_mRNA	YBR104W	476	1568	604.5	0.3855	35.0	559.5	0.0	330.0	385.0	0.0	2.7899	39.8761
YBR105C_mRNA	YBR105C	71	1384	649.0	0.4689	78.0	645.0	0.0282	0.5	6.0	0.6338	5.0704	52.7606
YBR106W_mRNA	YBR106W	2082	1224	601.0	0.491	25.0	153.5	0.0379	452.0	460.0	0.0	3.0946	39.9798
YBR107C_mRNA	YBR107C	30	1372	612.0	0.4461	40.3	417.0	0.0	11.3	259.5	0.0667	2.0333	52.0
YBR108W_mRNA	YBR108W	55	3778	435.0	0.1151	240.7	3061.0	0.0182	0.0	53.0	0.3636	4.4	60.2909
YBR109C_mRNA	YBR109C	1096	829	630.0	0.76	6.0	40.0	0.1122	93.0	143.0	0.0064	2.1049	43.1962
YBR109W-A_mRNA	YBR109W-A	1	657	115.0	0.175	230.0	230.0	0.0	312.0	312.0	0.0	0.0	73.0
YBR110W_mRNA	YBR110W	142	1733	493.0	0.2845	219.0	1222.5	0.0	11.0	27.0	0.0352	1.9225	52.4155
YBR111C_mRNA	YBR111C	658	1045	660.5	0.6321	286.0	363.5	0.0015	0.0	3.0	0.6277	2.1337	46.3283
YBR111W-A_mRNA	YBR111W-A	468	502	433.0	0.8625	4.0	47.0	0.1838	3.0	14.0	0.2051	10.141	44.1667
YBR112C_mRNA	YBR112C	219	3708	439.0	0.1184	1467.3	3223.0	0.0	0.0	21.0	0.1781	3.9178	43.105
YBR114W_mRNA	YBR114W	78	2632	431.0	0.1638	91.95	1929.0	0.0256	0.85	108.5	0.1154	3.0128	42.1026
YBR115C_mRNA	YBR115C	435	4440	483.0	0.1088	1449.3	3900.0	0.0	1.0	7.0	0.5356	2.1402	39.5425
YBR116C_mRNA	YBR116C	11	1456	431.0	0.296	521.0	978.0	0.0	36.5	47.0	0.0	2.0909	61.0
YBR117C_mRNA	YBR117C	2	2223	1401.0	0.6302	509.85	805.5	0.0	1.65	16.5	0.5	1.0	53.0
YBR118W_mRNA	YBR118W	16690	1684	630.0	0.3741	195.0	1027.0	0.0	2.0	13.0	0.3697	2.832	51.0643
YBR119W_mRNA	YBR119W	79	1226	564.0	0.46	25.4	530.0	0.038	104.0	119.0	0.0127	17.2152	45.0506
YBR120C_mRNA	YBR120C	131	880	579.0	0.658	70.0	125.0	0.0	169.5	177.0	0.0	1.9466	42.9389
YBR121C-A_mRNA	YBR121C-A	829	2105	567.0	0.2694	245.6	1520.0	0.0277	0.0	9.0	0.6285	4.7382	53.9626
YBR121C_mRNA	YBR121C	921	2316	611.0	0.2638	147.0	1665.0	0.0	0.0	9.0	0.595	2.848	49.5223
YBR122C_mRNA	YBR122C	274	1293	665.0	0.5143	530.0	597.0	0.0036	0.0	13.0	0.4781	1.7372	37.2007
YBR123C_mRNA	YBR123C	27	2089	436.0	0.2087	27.7	1249.0	0.0	3.6	21.0	0.2222	1.963	37.4074
YBR125C_mRNA	YBR125C	88	1522	372.0	0.2444	29.4	1139.0	0.0	0.0	5.0	0.7386	1.75	85.7045
YBR126C_mRNA	YBR126C	342	1788	745.0	0.4167	99.0	1021.5	0.0058	2.0	13.0	0.4474	3.5585	53.0673
YBR126W-A_mRNA	YBR126W-A	486	371	361.0	0.973	1.0	6.0	0.7366	0.0	2.5	0.8025	1.2819	42.2305
YBR126W-B_mRNA	YBR126W-B	40	381	261.5	0.6864	0.0	37.0	0.25	43.8	92.0	0.0	7.55	38.525
YBR127C_mRNA	YBR127C	427	1902	437.0	0.2298	133.0	1445.0	0.0	2.3	13.0	0.3372	3.0656	35.8852
YBR128C_mRNA	YBR128C	13	1194	418.0	0.3501	216.0	435.0	0.0	3.6	310.0	0.2308	2.9231	47.3077
YBR129C_mRNA	YBR129C	114	1191	568.5	0.4773	21.0	563.5	0.0088	14.0	51.0	0.0	1.7895	49.6579
YBR130C_mRNA	YBR130C	92	1459	549.0	0.3763	22.0	899.0	0.0	0.0	9.0	0.5435	1.3913	44.1957
YBR131W_mRNA	YBR131W	49	2370	503.0	0.2122	38.0	1684.0	0.0	105.4	147.0	0.0204	1.6327	40.6735
YBR132C_mRNA	YBR132C	51	2504	426.0	0.1701	56.5	1943.0	0.0	0.0	2.0	0.7059	2.7255	53.5686
YBR133C_mRNA	YBR133C	58	2948	571.5	0.1939	38.9	2012.0	0.0	1.0	247.0	0.069	1.4828	44.9655
YBR135W_mRNA	YBR135W	152	829	569.0	0.6864	10.1	124.0	0.0526	58.55	80.0	0.0066	6.0987	47.25
YBR136W_mRNA	YBR136W	170	8196	644.5	0.0786	2697.95	7446.5	0.0	5.45	76.0	0.0882	2.2471	48.0882
YBR137W_mRNA	YBR137W	150	1607	656.5	0.4085	428.5	807.0	0.0067	0.0	120.0	0.1333	3.0333	46.26
YBR138C_mRNA	YBR138C	56	1776	386.5	0.2176	210.75	1383.0	0.0357	0.0	3.0	0.7321	5.8929	52.7321
YBR139W_mRNA	YBR139W	172	1742	442.0	0.2537	9.65	1220.5	0.0523	10.2	68.0	0.0523	2.8256	48.0872
YBR140C_mRNA	YBR140C	184	10168	550.5	0.0541	472.35	9389.5	0.0	8.0	80.5	0.0978	1.9511	36.625
YBR141C_mRNA	YBR141C	21	1226	962.0	0.7847	37.0	64.0	0.0476	4.0	11.0	0.4762	3.9048	40.1429
YBR142W_mRNA	YBR142W	276	2609	457.0	0.1752	416.75	2111.0	0.0	0.0	34.0	0.1594	2.4348	38.0254
YBR143C_mRNA	YBR143C	1795	1620	710.0	0.4383	68.7	834.0	0.0006	0.0	64.0	0.2786	2.1994	54.2117
YBR144C_mRNA	YBR144C	7	315	149.0	0.473	144.9	166.0	0.0	0.0	0.0	1.0	1.0	162.1429
YBR145W_mRNA	YBR145W	372	1429	640.0	0.4479	24.0	473.5	0.0108	157.0	213.0	0.0054	2.5269	41.8548
YBR146W_mRNA	YBR146W	209	1366	561.0	0.4107	1.0	516.0	0.134	247.0	273.0	0.0	2.2105	46.0718
YBR147W_mRNA	YBR147W	122	1456	794.5	0.5457	27.0	331.5	0.0164	0.0	399.5	0.0984	9.2869	47.6311
YBR148W_mRNA	YBR148W	14	2509	300.5	0.1198	13.0	1164.0	0.0714	1.0	13.5	0.4286	1.1429	32.3571
YBR149W_mRNA	YBR149W	237	1376	687.0	0.4993	19.2	543.0	0.0464	56.0	119.0	0.0	2.3291	46.443
YBR150C_mRNA	YBR150C	59	4193	450.0	0.1073	2334.0	3721.0	0.0	0.0	2.0	0.661	3.3051	46.3898
YBR151W_mRNA	YBR151W	364	1327	534.0	0.4024	38.6	701.0	0.0027	11.0	95.0	0.0467	2.4286	43.5549
YBR153W_mRNA	YBR153W	76	1817	443.0	0.2438	457.0	1341.5	0.0	4.25	53.5	0.3289	2.1184	55.3026
YBR154C_mRNA	YBR154C	945	889	725.0	0.8155	40.0	143.0	0.0011	0.0	0.0	0.7175	1.9079	39.1693
YBR155W_mRNA	YBR155W	51	1759	831.0	0.4724	444.5	913.0	0.0	0.0	10.0	0.5882	1.4902	40.6471
YBR156C_mRNA	YBR156C	13	2357	804.0	0.3411	255.2	1405.0	0.0	2.0	9.0	0.6154	5.8462	53.1538
YBR157C_mRNA	YBR157C	115	1812	430.0	0.2373	210.0	1273.0	0.0	0.0	16.0	0.3739	3.1217	41.8522
YBR158W_mRNA	YBR158W	332	2398	503.0	0.2098	0.0	1631.0	0.1084	0.55	14.0	0.4488	43.0241	44.1416
YBR159W_mRNA	YBR159W	502	1263	763.0	0.6041	20.0	403.0	0.0199	0.0	80.0	0.1016	3.4263	46.7171
YBR160W_mRNA	YBR160W	142	1646	889.0	0.5401	35.0	244.0	0.0	471.4	507.0	0.0	1.6479	44.8944
YBR161W_mRNA	YBR161W	61	1744	483.0	0.2769	365.0	1155.0	0.0	0.0	102.0	0.2295	4.5738	46.7377
YBR162C_mRNA	YBR162C	1471	1977	570.0	0.2883	113.0	1318.0	0.0034	4.0	85.0	0.0721	3.1618	50.7947
YBR162W-A_mRNA	YBR162W-A	862	653	284.0	0.4349	155.1	365.0	0.0104	0.0	3.0	0.819	1.2262	49.7865
YBR163W_mRNA	YBR163W	73	1929	372.0	0.1928	39.0	1438.0	0.0137	0.0	5.0	0.6849	7.2603	71.0411
YBR164C_mRNA	YBR164C	749	1122	738.0	0.6578	2.0	59.0	0.0881	174.0	315.0	0.012	1.5541	42.8972
YBR165W_mRNA	YBR165W	114	1096	604.5	0.5516	29.0	459.0	0.0	0.0	5.0	0.5965	3.5702	50.0702
YBR166C_mRNA	YBR166C	415	1556	711.0	0.4569	47.0	793.0	0.0	0.0	15.0	0.3614	2.2602	50.0988
YBR167C_mRNA	YBR167C	122	1102	487.0	0.4419	307.35	614.0	0.0	0.0	2.0	0.8689	1.8033	67.2705
YBR168W_mRNA	YBR168W	63	1743	865.0	0.4963	80.7	852.0	0.0	0.0	2.0	0.7302	1.6508	68.0
YBR169C_mRNA	YBR169C	402	2450	517.5	0.2112	191.0	1910.0	0.0	0.0	1.0	0.7289	2.995	48.9104
YBR170C_mRNA	YBR170C	124	2055	502.5	0.2445	173.75	1466.5	0.0161	0.0	135.0	0.2903	2.5806	44.1613
YBR171W_mRNA	YBR171W	382	851	519.0	0.6099	20.0	239.5	0.0209	44.0	65.0	0.0	2.2906	42.1675
YBR172C_mRNA	YBR172C	92	2492	534.5	0.2145	169.25	1919.0	0.0	0.0	19.0	0.3152	1.8696	45.7826
YBR173C_mRNA	YBR173C	442	705	592.0	0.8397	15.05	33.0	0.0452	43.0	70.0	0.0	2.4434	48.4661
YBR174C_mRNA	YBR174C	1	1251	402.0	0.3213	36.0	36.0	0.0	813.0	813.0	0.0	0.0	8.0
YBR175W_mRNA	YBR175W	90	1726	606.5	0.3514	45.75	1096.0	0.0222	0.0	0.0	0.8444	2.2778	44.5
YBR176W_mRNA	YBR176W	57	1217	511.0	0.4199	22.0	505.0	0.0526	0.8	48.0	0.1053	2.1404	49.0175
YBR177C_mRNA	YBR177C	216	1656	573.0	0.346	45.0	959.0	0.0093	84.75	119.0	0.0046	3.0185	51.537
YBR178W_mRNA	YBR178W	5	375	369.0	0.984	0.0	0.0	0.6	0.0	0.0	1.0	47.8	176.4
YBR179C_mRNA	YBR179C	79	2708	575.0	0.2123	51.1	2112.0	0.038	1.8	21.0	0.2278	2.1266	73.7722
YBR180W_mRNA	YBR180W	6	1719	204.0	0.1187	1423.75	1513.0	0.0	0.0	0.0	1.0	3.8333	101.6667
YBR181C_mRNA	YBR181C	5584	1002	783.0	0.7814	29.0	61.0	0.0081	131.0	149.0	0.0	2.495	38.4663
YBR182C_mRNA	YBR182C	41	1933	537.0	0.2778	194.0	1364.0	0.0	0.0	1.0	0.7561	1.8293	76.1951
YBR183W_mRNA	YBR183W	172	1175	621.0	0.5285	0.0	188.5	0.1163	6.0	64.5	0.0698	11.2384	43.7616
YBR184W_mRNA	YBR184W	26	1685	372.0	0.2208	224.5	1297.5	0.0	0.0	6.0	0.8462	0.9231	38.6538
YBR185C_mRNA	YBR185C	91	1079	545.0	0.5051	29.5	470.0	0.0	0.0	66.0	0.2418	2.9341	54.1209
YBR186W_mRNA	YBR186W	1	1695	987.0	0.5823	708.0	708.0	0.0	0.0	0.0	1.0	0.0	250.0
YBR187W_mRNA	YBR187W	199	1950	575.0	0.2949	856.0	1338.0	0.0	0.0	3.0	0.7035	5.0553	46.8794
YBR188C_mRNA	YBR188C	70	1673	576.0	0.3443	20.9	99.5	0.0	898.0	995.0	0.0	1.9571	37.7429
YBR189W_mRNA	YBR189W	4975	1038	529.0	0.5096	23.0	161.0	0.0113	336.0	341.0	0.0002	2.3405	36.9188
YBR191W-A_mRNA	YBR191W-A	1767	980	457.0	0.4663	368.0	497.0	0.0051	0.0	27.0	0.253	10.9304	32.099
YBR191W_mRNA	YBR191W	4049	662	598.0	0.9033	29.0	46.0	0.0286	0.0	16.0	0.3569	1.9938	47.4937
YBR192W_mRNA	YBR192W	154	1625	717.0	0.4412	35.65	850.5	0.0065	0.0	22.0	0.3701	3.2338	52.7078
YBR193C_mRNA	YBR193C	98	1329	546.0	0.4108	157.55	599.0	0.0	11.85	231.5	0.0408	1.6939	51.0306
YBR194W_mRNA	YBR194W	102	733	577.5	0.7879	0.0	69.5	0.0784	4.85	81.0	0.0588	2.5882	41.1176
YBR195C_mRNA	YBR195C	40	1480	530.0	0.3581	36.85	927.0	0.0	0.0	16.0	0.3	1.575	38.95
YBR196C-A_mRNA	YBR196C-A	10	672	430.5	0.6406	30.35	229.5	0.0	0.0	2.0	0.6	1.8	87.7
YBR196C-B_mRNA	YBR196C-B	13	648	434.0	0.6698	0.0	0.0	0.7692	0.0	41.0	0.3846	108.0	97.8462
YBR196C_mRNA	YBR196C	3482	1951	676.5	0.3467	66.0	1184.0	0.0046	12.0	31.0	0.0382	3.3265	48.9104
YBR197C_mRNA	YBR197C	88	2583	387.0	0.1498	398.85	1083.5	0.0	0.0	1265.0	0.1932	2.4659	48.9432
YBR198C_mRNA	YBR198C	73	2578	480.0	0.1862	226.4	2071.0	0.0137	1.0	13.0	0.4658	2.0274	44.0548
YBR199W_mRNA	YBR199W	336	1797	526.5	0.293	31.0	1109.5	0.006	43.0	174.0	0.003	2.5982	39.2679
YBR200W_mRNA	YBR200W	112	1967	480.5	0.2443	19.0	1468.0	0.0446	4.0	24.0	0.1964	2.4107	46.3036
YBR201C-A_mRNA	YBR201C-A	25	1163	432.0	0.3715	334.8	664.0	0.0	0.0	9.0	0.52	3.64	46.08
YBR201W_mRNA	YBR201W	165	1489	765.0	0.5138	17.0	32.0	0.0182	579.0	591.0	0.0	2.1879	56.2667
YBR202W_mRNA	YBR202W	32	2810	962.5	0.3425	101.0	1810.0	0.0312	0.0	11.0	0.4375	1.8125	66.9375
YBR203W_mRNA	YBR203W	101	3171	645.0	0.2034	0.0	2317.0	0.099	0.0	9.0	0.5248	2.6733	45.7822
YBR204C_mRNA	YBR204C	82	1450	611.5	0.4217	13.8	789.0	0.0244	1.0	51.0	0.1098	12.6585	46.7195
YBR205W_mRNA	YBR205W	85	1353	751.0	0.5551	0.0	454.0	0.1176	0.0	4.0	0.8353	1.3765	55.3059
YBR206W_mRNA	YBR206W	158	1402	511.0	0.3645	0.0	801.5	0.0949	0.0	31.0	0.3671	3.2215	43.8987
YBR207W_mRNA	YBR207W	189	1677	525.0	0.3131	43.0	1033.0	0.0159	66.4	82.0	0.0	5.5556	44.8466
YBR208C_mRNA	YBR208C	330	6095	371.0	0.0609	9.25	331.5	0.0515	0.0	5174.5	0.3394	2.1333	41.1424
YBR210W_mRNA	YBR210W	198	835	559.0	0.6695	67.0	217.0	0.0051	0.0	56.0	0.2323	1.4747	89.9798
YBR211C_mRNA	YBR211C	118	1204	559.0	0.4643	9.0	587.5	0.0593	0.0	2.0	0.6102	2.0085	55.2288
YBR212W_mRNA	YBR212W	107	2676	873.0	0.3262	54.5	1687.0	0.0	0.0	3.0	0.7944	1.8411	49.5888
YBR213W_mRNA	YBR213W	23	1141	740.0	0.6486	59.0	326.0	0.0	0.0	7.0	0.5652	2.3043	46.1739
YBR214W_mRNA	YBR214W	143	2476	546.0	0.2205	507.8	1774.0	0.014	0.0	12.0	0.4755	5.4336	46.1189
YBR215W_mRNA	YBR215W	47	2383	513.0	0.2153	76.8	1535.0	0.0	18.9	348.0	0.0426	5.3404	37.7447
YBR216C_mRNA	YBR216C	77	2365	634.0	0.2681	39.0	1461.0	0.0	16.8	83.0	0.013	1.1948	52.3896
YBR217W_mRNA	YBR217W	101	952	702.0	0.7374	21.0	234.0	0.0099	4.0	15.0	0.2079	2.4554	49.6139
YBR218C_mRNA	YBR218C	476	3828	443.5	0.1159	690.0	3344.5	0.0021	0.0	14.0	0.416	2.7143	41.479
YBR219C_mRNA	YBR219C	1	1405	109.0	0.0776	1275.0	1275.0	0.0	21.0	21.0	0.0	173.0	8.0
YBR220C_mRNA	YBR220C	61	2010	601.0	0.299	11.0	1375.0	0.0328	20.0	103.0	0.0492	6.5738	45.6721
YBR221C_mRNA	YBR221C	672	1633	761.0	0.466	29.0	748.5	0.0357	62.0	69.0	0.0015	1.9702	40.1146
YBR222C_mRNA	YBR222C	116	1800	580.0	0.3222	25.75	1203.0	0.0086	0.0	0.0	0.8966	11.0517	37.9483
YBR223C_mRNA	YBR223C	53	1917	398.0	0.2076	65.2	1449.0	0.0	0.0	17.0	0.3774	1.6604	39.6604
YBR225W_mRNA	YBR225W	22	3088	637.0	0.2063	15.2	2087.0	0.0455	4.0	9.5	0.5	9.5	48.0909
YBR226C_mRNA	YBR226C	50	1248	358.5	0.2873	61.85	566.0	0.02	284.0	341.0	0.0	2.66	35.5
YBR227C_mRNA	YBR227C	45	1783	822.0	0.461	66.2	898.0	0.0	6.0	52.0	0.1111	1.5556	38.0667
YBR228W_mRNA	YBR228W	44	1373	438.5	0.3194	316.3	875.5	0.0455	4.0	42.0	0.0909	1.4773	45.2273
YBR229C_mRNA	YBR229C	118	3024	487.0	0.161	450.0	2491.0	0.0	0.0	1.0	0.6356	4.0339	53.0678
YBR230C_mRNA	YBR230C	198	715	477.5	0.6678	201.0	221.0	0.0	0.0	1.0	0.7323	7.7222	81.9444
YBR230W-A_mRNA	YBR230W-A	61	743	339.0	0.4563	351.0	398.0	0.0	0.0	3.0	0.5738	1.4426	42.1311
YBR231C_mRNA	YBR231C	42	1248	320.0	0.2564	238.55	692.0	0.0	230.0	239.0	0.0	9.4524	47.6667
YBR233W-A_mRNA	YBR233W-A	174	679	504.0	0.7423	6.9	23.0	0.0575	61.9	143.0	0.0115	3.1609	42.8736
YBR233W_mRNA	YBR233W	41	1553	443.0	0.2853	14.0	1043.0	0.0488	0.0	15.0	0.3171	6.2683	31.0976
YBR234C_mRNA	YBR234C	251	1373	612.0	0.4457	31.0	660.0	0.0	78.0	89.0	0.0	2.7371	47.5697
YBR235W_mRNA	YBR235W	81	3543	657.0	0.1854	476.0	2813.0	0.0123	0.0	12.0	0.4444	3.8025	47.9259
YBR236C_mRNA	YBR236C	241	1582	887.0	0.5607	12.0	587.0	0.0498	71.0	106.0	0.0207	3.2822	42.7801
YBR237W_mRNA	YBR237W	54	2705	376.5	0.1392	240.6	2310.0	0.0	1.65	6.0	0.6481	5.0741	47.5185
YBR238C_mRNA	YBR238C	63	2768	572.0	0.2066	14.1	1933.0	0.0476	7.1	126.0	0.1746	6.5238	51.7937
YBR239C_mRNA	YBR239C	35	1862	395.0	0.2121	39.7	1377.0	0.0	4.4	17.0	0.3714	1.5714	51.9714
YBR240C_mRNA	YBR240C	28	1932	310.5	0.1607	32.0	1340.5	0.0357	0.0	31.0	0.4643	5.2857	48.0
YBR241C_mRNA	YBR241C	27	1742	835.0	0.4793	16.8	806.0	0.0741	83.0	90.0	0.037	7.3704	50.5185
YBR242W_mRNA	YBR242W	234	1138	811.5	0.7131	14.3	88.0	0.0385	105.0	197.0	0.0	2.8889	50.8761
YBR243C_mRNA	YBR243C	85	1992	614.0	0.3082	33.2	916.0	0.0118	398.0	529.0	0.0	3.3412	49.4941
YBR244W_mRNA	YBR244W	197	1196	600.0	0.5017	383.8	563.0	0.0	0.0	9.0	0.5127	2.1218	45.8376
YBR245C_mRNA	YBR245C	63	3519	374.0	0.1063	1600.4	3126.0	0.0	0.0	16.0	0.4603	3.0	41.6825
YBR246W_mRNA	YBR246W	127	1364	583.0	0.4274	27.5	758.0	0.0157	0.0	37.0	0.2913	1.7795	48.8819
YBR247C_mRNA	YBR247C	106	1764	809.0	0.4586	29.75	708.0	0.0094	33.25	155.0	0.0094	2.8113	34.5566
YBR248C_mRNA	YBR248C	147	1947	480.0	0.2465	33.3	1323.0	0.0136	99.6	111.0	0.0204	1.7075	38.2381
YBR249C_mRNA	YBR249C	1527	1525	682.0	0.4472	18.0	578.0	0.0399	148.0	170.0	0.0	3.7053	45.1696
YBR250W_mRNA	YBR250W	32	1572	340.0	0.2163	0.0	528.5	0.3438	0.0	8.0	0.5	53.5312	117.5938
YBR251W_mRNA	YBR251W	88	1152	416.0	0.3611	23.0	666.5	0.0114	21.0	66.0	0.0227	10.6023	39.3864
YBR252W_mRNA	YBR252W	494	760	511.0	0.6724	0.0	14.0	0.2935	196.0	235.0	0.0	3.5385	42.3259
YBR253W_mRNA	YBR253W	144	534	454.5	0.8511	19.0	56.5	0.0208	6.0	10.0	0.5694	5.8264	50.125
YBR254C_mRNA	YBR254C	173	746	624.0	0.8365	9.0	34.0	0.104	21.0	57.0	0.0173	3.4624	42.5896
YBR255C-A_mRNA	YBR255C-A	109	556	424.0	0.7626	30.0	63.0	0.0	16.0	36.0	0.0092	15.0183	30.8165
YBR255W_mRNA	YBR255W	80	2269	470.5	0.2074	401.25	1741.0	0.0	0.0	13.0	0.4875	1.3375	54.075
YBR256C_mRNA	YBR256C	1336	1209	742.5	0.6141	1.0	39.0	0.1931	370.0	417.0	0.0015	3.0988	40.9738
YBR257W_mRNA	YBR257W	123	1288	766.0	0.5947	263.0	386.0	0.0081	10.0	91.0	0.065	3.2195	41.6341
YBR258C_mRNA	YBR258C	58	857	499.5	0.5828	9.35	91.5	0.0517	0.0	286.0	0.1379	3.0	42.2586
YBR259W_mRNA	YBR259W	64	2261	674.0	0.2981	20.0	1493.0	0.0469	0.0	56.0	0.4531	1.9531	69.3594
YBR260C_mRNA	YBR260C	111	2195	396.0	0.1804	82.0	1797.0	0.0	0.0	5.0	0.6937	3.6486	60.964
YBR261C_mRNA	YBR261C	109	916	604.0	0.6594	9.0	250.0	0.0734	25.0	49.0	0.0367	1.9083	41.2202
YBR262C_mRNA	YBR262C	239	492	422.0	0.8577	11.0	46.0	0.0251	5.0	15.0	0.0753	5.1715	29.2887
YBR263W_mRNA	YBR263W	339	1704	642.0	0.3768	10.0	928.0	0.0531	112.0	121.0	0.0	3.5782	42.6844
YBR264C_mRNA	YBR264C	52	1083	417.5	0.3855	428.55	657.0	0.0	0.0	5.0	0.7885	1.7115	38.2885
YBR265W_mRNA	YBR265W	118	1579	708.5	0.4487	441.0	835.0	0.0	1.0	11.0	0.339	2.0339	42.6271
YBR267W_mRNA	YBR267W	73	1484	532.0	0.3585	160.0	875.0	0.0	1.0	17.0	0.1507	1.6438	50.3562
YBR268W_mRNA	YBR268W	333	538	408.0	0.7584	12.0	37.0	0.009	63.0	90.0	0.003	1.6066	41.3243
YBR269C_mRNA	YBR269C	151	763	504.0	0.6606	60.0	134.0	0.0066	100.5	116.0	0.0066	1.649	39.0132
YBR270C_mRNA	YBR270C	23	1941	444.0	0.2287	315.8	1497.0	0.0	0.0	1.0	0.8696	3.2609	45.8696
YBR271W_mRNA	YBR271W	65	1619	500.0	0.3088	238.0	1089.0	0.0	0.0	5.0	0.6769	2.5231	48.4462
YBR272C_mRNA	YBR272C	102	1718	542.0	0.3155	15.6	1108.0	0.0098	16.0	61.0	0.0294	3.1863	42.2157
YBR273C_mRNA	YBR273C	88	1452	609.0	0.4194	62.55	802.5	0.0	0.0	2.0	0.7159	2.1818	39.9318
YBR274W_mRNA	YBR274W	82	1875	537.5	0.2867	17.1	1226.5	0.0488	39.0	71.0	0.0244	1.8049	46.7927
YBR275C_mRNA	YBR275C	47	6308	509.0	0.0807	928.2	5706.0	0.0	0.3	5.0	0.7447	1.7021	47.0
YBR276C_mRNA	YBR276C	138	2638	419.0	0.1588	70.65	2159.0	0.0072	10.0	14.0	0.2536	2.1522	37.7536
YBR278W_mRNA	YBR278W	65	836	437.0	0.5227	13.6	321.0	0.0615	4.4	96.0	0.2615	2.0769	47.6154
YBR279W_mRNA	YBR279W	32	1537	251.0	0.1633	556.0	1251.5	0.0	13.85	37.0	0.0625	2.1562	40.4375
YBR280C_mRNA	YBR280C	81	2123	481.0	0.2266	27.0	1586.0	0.0	3.0	19.0	0.284	8.2222	42.9136
YBR281C_mRNA	YBR281C	152	2805	487.5	0.1738	840.4	2263.0	0.0132	0.0	24.0	0.2368	1.6447	53.2961
YBR282W_mRNA	YBR282W	256	1336	531.5	0.3978	768.75	799.0	0.0	0.0	2.0	0.9375	2.0703	37.1641
YBR283C_mRNA	YBR283C	759	1905	462.0	0.2425	60.0	1363.0	0.0066	58.9	77.0	0.0158	3.7181	44.8775
YBR284W_mRNA	YBR284W	19	2799	416.0	0.1486	0.0	2336.0	0.1053	1.0	15.0	0.4737	23.2105	55.1053
YBR285W_mRNA	YBR285W	25	732	571.0	0.7801	40.4	145.0	0.0	0.0	4.0	0.64	1.36	60.28
YBR286W_mRNA	YBR286W	897	1783	513.0	0.2877	9.0	1185.0	0.068	74.0	79.0	0.0145	2.3935	45.019
YBR287W_mRNA	YBR287W	374	1603	552.5	0.3447	67.0	881.0	0.0	70.95	120.0	0.0053	2.746	53.8556
YBR288C_mRNA	YBR288C	185	2006	674.0	0.336	422.0	1226.0	0.0	0.0	4.0	0.5784	3.4703	39.7405
YBR289W_mRNA	YBR289W	36	2804	669.5	0.2388	469.75	2127.0	0.0278	0.0	18.0	0.4167	4.1111	60.8889
YBR290W_mRNA	YBR290W	325	1172	747.0	0.6374	46.0	348.0	0.0	43.0	70.0	0.0062	2.7046	42.8492
YBR291C_mRNA	YBR291C	139	1244	557.0	0.4477	51.0	486.0	0.0216	136.0	218.0	0.0072	3.8058	50.5899
YBR292C_mRNA	YBR292C	20	1099	690.0	0.6278	0.0	68.5	0.25	135.75	282.0	0.0	49.05	78.55
YBR293W_mRNA	YBR293W	69	1922	590.0	0.307	361.6	1077.0	0.0145	0.0	20.0	0.3478	4.0145	49.1594
YBR294W_mRNA	YBR294W	22	2580	286.5	0.111	430.25	2291.5	0.0	0.0	0.0	0.9091	0.7727	107.6818
YBR295W_mRNA	YBR295W	75	3837	428.0	0.1115	508.1	3273.0	0.0133	1.0	6.0	0.64	6.64	45.9333
YBR296C-A_mRNA	YBR296C-A	1	120	98.0	0.8167	22.0	22.0	0.0	0.0	0.0	1.0	2.0	27.0
YBR296C_mRNA	YBR296C	98	2029	477.5	0.2353	5.55	1540.5	0.0816	0.0	3.0	0.8469	2.3673	52.2551
YBR297W_mRNA	YBR297W	119	1695	423.0	0.2496	22.8	804.0	0.0336	0.0	14.0	0.4958	11.2521	41.0588
YBR298C_mRNA	YBR298C	97	2349	403.0	0.1716	0.0	1228.0	0.1753	0.0	31.0	0.4124	3.3608	48.0103
YBR299W_mRNA	YBR299W	20	2088	306.5	0.1468	1.9	1615.0	0.25	1.0	6.5	0.7	0.9	56.05
YBR300C_mRNA	YBR300C	6	1078	335.0	0.3108	92.5	740.0	0.0	0.5	3.0	1.0	0.5	125.8333
YBR301W_mRNA	YBR301W	1	363	353.0	0.9725	10.0	10.0	1.0	0.0	0.0	1.0	0.0	188.0
YBR302C_mRNA	YBR302C	185	1213	647.0	0.5334	4.0	493.0	0.2811	0.0	1.0	0.8108	3.8162	51.1946
YCL001W-B_mRNA	YCL001W-B	5	255	252.0	0.9882	0.0	0.0	0.6	0.2	1.0	1.0	105.2	220.4
YCL001W_mRNA	YCL001W	630	776	624.0	0.8041	48.0	110.0	0.0175	2.0	19.0	0.2444	4.7937	46.5889
YCL002C_mRNA	YCL002C	214	1375	686.0	0.4989	12.0	238.0	0.0421	272.65	387.0	0.0	13.972	50.3364
YCL004W_mRNA	YCL004W	27	1798	545.0	0.3031	140.6	1213.0	0.0	0.0	4.0	0.5926	25.6667	41.6667
YCL005W-A_mRNA	YCL005W-A	633	426	340.0	0.7981	67.0	68.0	0.0	0.0	18.0	0.2322	3.3918	39.3207
YCL005W_mRNA	YCL005W	81	1227	475.0	0.3871	281.0	727.0	0.0123	0.0	15.0	0.3333	9.0	60.0247
YCL008C_mRNA	YCL008C	43	1363	530.0	0.3888	15.3	727.0	0.0465	2.6	22.0	0.1163	4.7209	44.0698
YCL009C_mRNA	YCL009C	827	1913	690.0	0.3607	800.0	1121.0	0.0	5.0	12.0	0.4667	2.7727	46.0097
YCL010C_mRNA	YCL010C	102	2269	899.5	0.3964	635.0	1267.0	0.0098	2.0	6.0	0.7549	1.7647	89.5882
YCL011C_mRNA	YCL011C	489	2364	513.0	0.217	962.4	1799.0	0.002	0.0	15.0	0.3947	2.1554	45.6237
YCL012C_mRNA	YCL012C	163	696	509.0	0.7313	89.0	150.0	0.0061	18.0	32.0	0.0123	2.4969	42.3681
YCL014W_mRNA	YCL014W	56	5126	473.5	0.0924	2360.25	4596.0	0.0	0.0	4.0	0.7679	2.1071	41.0714
YCL016C_mRNA	YCL016C	50	1437	577.5	0.4019	128.35	830.0	0.0	2.9	7.0	0.72	1.44	46.24
YCL017C_mRNA	YCL017C	149	1972	508.0	0.2576	27.6	1202.0	0.0	12.2	226.0	0.0537	1.7718	45.8993
YCL018W_mRNA	YCL018W	639	1415	576.0	0.4071	125.0	685.0	0.0047	74.0	96.0	0.0203	2.7371	40.9437
YCL019W_mRNA	YCL019W	494	5313	1443.5	0.2717	450.45	3551.0	0.0283	0.0	1.0	0.664	4.1073	250.6194
YCL020W_mRNA	YCL020W	26	1317	485.5	0.3686	0.0	651.5	0.2308	25.5	238.5	0.0769	22.0769	39.7692
YCL021W-A_mRNA	YCL021W-A	11685	1610	289.0	0.1795	0.0	3.0	0.5834	1271.0	1312.0	0.011	30.5595	48.3505
YCL024W_mRNA	YCL024W	57	3683	440.0	0.1195	2626.4	3202.0	0.0	1.0	10.0	0.5614	2.6491	34.2456
YCL025C_mRNA	YCL025C	482	2086	437.5	0.2097	86.0	1622.0	0.0041	0.0	0.0	0.8942	2.6701	48.1805
YCL026C-A_mRNA	YCL026C-A	15	920	386.0	0.4196	88.6	534.0	0.0	0.0	2.0	1.0	1.4	54.1333
YCL026C-B_mRNA	YCL026C-B	28	755	634.5	0.8404	25.9	88.0	0.0714	1.35	14.0	0.1429	14.1071	47.6786
YCL027W_mRNA	YCL027W	14	1539	425.5	0.2765	0.0	1113.5	0.2143	0.0	0.0	0.9286	3.7857	121.6429
YCL028W_mRNA	YCL028W	160	1658	596.5	0.3598	31.0	746.0	0.0125	254.0	308.0	0.0062	1.7875	50.0438
YCL029C_mRNA	YCL029C	48	1677	852.5	0.5083	64.15	821.5	0.0	0.0	5.0	0.8125	1.5	48.8958
YCL030C_mRNA	YCL030C	1057	2940	477.0	0.1622	337.0	2286.0	0.0	12.0	61.0	0.017	2.5894	45.4929
YCL031C_mRNA	YCL031C	461	1081	795.0	0.7354	34.0	247.0	0.0065	3.0	11.0	0.4859	2.2625	40.1302
YCL032W_mRNA	YCL032W	63	1518	399.0	0.2628	511.0	1119.0	0.0	0.0	1.0	0.9841	1.873	64.4603
YCL033C_mRNA	YCL033C	196	764	519.0	0.6793	187.0	234.5	0.0	0.0	0.0	0.8827	1.449	48.1378
YCL034W_mRNA	YCL034W	39	1234	422.0	0.342	28.0	767.0	0.0513	6.6	45.0	0.0769	1.0256	47.8205
YCL035C_mRNA	YCL035C	878	638	460.0	0.721	62.0	99.0	0.0034	62.0	78.0	0.0	1.9841	35.5034
YCL036W_mRNA	YCL036W	37	1891	743.0	0.3929	71.2	972.0	0.0	34.4	40.0	0.0	2.7027	48.3514
YCL037C_mRNA	YCL037C	109	2047	358.0	0.1749	380.0	1509.0	0.0092	90.6	138.0	0.0092	2.7156	49.2569
YCL038C_mRNA	YCL038C	49	1817	809.0	0.4452	24.0	836.0	0.0	38.8	55.0	0.0408	2.8367	53.7143
YCL039W_mRNA	YCL039W	144	2346	518.5	0.221	353.65	1782.0	0.0069	0.0	8.0	0.5903	4.3472	49.4028
YCL040W_mRNA	YCL040W	431	1869	645.0	0.3451	22.5	1032.0	0.0023	135.0	135.0	0.0	2.2552	40.8886
YCL041C_mRNA	YCL041C	2	495	340.0	0.6869	6.05	60.5	0.5	60.75	94.5	0.0	90.0	3.0
YCL042W_mRNA	YCL042W	7	1099	342.0	0.3112	231.4	247.0	0.0	161.7	489.0	0.0	1.0	53.5714
YCL043C_mRNA	YCL043C	1013	1771	500.0	0.2823	83.0	1233.0	0.0	0.0	14.0	0.4274	2.5933	40.5479
YCL044C_mRNA	YCL044C	59	1510	518.0	0.343	56.9	992.0	0.0	0.0	5.0	0.7458	3.9661	47.4068
YCL045C_mRNA	YCL045C	194	2408	466.0	0.1935	41.3	1889.5	0.0	0.0	5.0	0.8144	2.1598	47.4381
YCL047C_mRNA	YCL047C	66	1025	613.5	0.5985	0.25	255.0	0.2121	115.0	149.0	0.0	2.7879	49.7121
YCL048W-A_mRNA	YCL048W-A	4	527	492.0	0.9336	16.8	27.5	0.0	0.15	1.0	0.75	5.75	41.75
YCL048W_mRNA	YCL048W	20	1392	250.5	0.18	0.0	1141.5	0.1	0.0	0.0	1.0	19.95	146.65
YCL049C_mRNA	YCL049C	101	1263	444.0	0.3515	5.0	634.0	0.0594	80.0	122.0	0.0099	2.5446	43.0
YCL050C_mRNA	YCL050C	923	1734	577.0	0.3328	600.0	1129.0	0.0	0.0	8.0	0.7291	2.1636	53.338
YCL051W_mRNA	YCL051W	75	2186	417.0	0.1908	37.1	1749.0	0.0133	0.0	10.0	0.5067	2.16	50.2667
YCL052C_mRNA	YCL052C	196	1809	587.0	0.3245	345.0	1179.5	0.0	13.75	21.0	0.0	2.0612	46.3265
YCL054W-A_mRNA	YCL054W-A	1	382	381.0	0.9974	0.0	0.0	1.0	1.0	1.0	1.0	96.0	12.0
YCL054W_mRNA	YCL054W	121	2868	436.0	0.152	1630.0	2418.0	0.0	1.0	13.0	0.2149	1.7851	27.6777
YCL055W_mRNA	YCL055W	129	1222	804.0	0.6579	31.0	329.0	0.0155	0.0	95.0	0.2093	2.1085	51.6744
YCL056C_mRNA	YCL056C	127	1242	446.0	0.3591	182.3	367.0	0.0079	380.2	423.0	0.0	2.1339	40.7008
YCL057C-A_mRNA	YCL057C-A	317	711	419.0	0.5893	249.0	266.0	0.0	0.0	12.0	0.3943	1.9085	39.4353
YCL057W_mRNA	YCL057W	183	2333	670.0	0.2872	26.0	1523.0	0.0109	36.0	63.0	0.0	3.2842	41.7705
YCL058C_mRNA	YCL058C	1	459	73.0	0.159	7.0	7.0	1.0	379.0	379.0	0.0	0.0	5.0
YCL058W-A_mRNA	YCL058W-A	13	509	323.0	0.6346	35.8	126.0	0.0	51.0	54.0	0.0	0.3077	63.9231
YCL059C_mRNA	YCL059C	390	1310	619.0	0.4725	222.0	660.0	0.0	0.0	6.0	0.5385	1.859	35.5769
YCL061C_mRNA	YCL061C	72	3644	539.5	0.1481	2228.1	3066.5	0.0	0.0	4.0	0.6389	2.8194	43.0278
YCL063W_mRNA	YCL063W	37	1485	531.0	0.3576	33.4	928.0	0.0	0.0	5.0	0.5405	2.2432	52.1892
YCL064C_mRNA	YCL064C	54	1623	507.5	0.3127	0.0	673.5	0.0926	277.5	425.0	0.0185	24.5556	54.1481
YCL065W_mRNA	YCL065W	23	369	256.0	0.6938	0.0	0.0	0.8261	97.4	109.0	0.0	91.1304	51.2174
YCL066W_mRNA	YCL066W	153	528	520.0	0.9848	0.0	7.0	0.6797	0.0	0.0	0.9412	16.9739	249.268
YCL067C_mRNA	YCL067C	17	633	625.0	0.9874	0.0	0.0	0.7647	0.0	1.0	0.7059	4.5294	64.6471
YCR002C_mRNA	YCR002C	356	1444	552.0	0.3823	13.0	567.0	0.0084	190.0	351.0	0.0169	1.9073	43.7416
YCR003W_mRNA	YCR003W	255	753	638.0	0.8473	9.0	23.0	0.2549	52.0	74.0	0.0196	2.1098	38.0
YCR004C_mRNA	YCR004C	278	1343	775.5	0.5774	21.0	349.5	0.0252	198.8	219.0	0.0	3.7518	44.4676
YCR005C_mRNA	YCR005C	727	2394	620.0	0.259	684.3	1579.0	0.0	126.3	156.0	0.0028	2.4567	47.2118
YCR007C_mRNA	YCR007C	45	1683	423.0	0.2513	56.2	1039.0	0.0444	4.0	82.0	0.1111	2.9111	63.1556
YCR008W_mRNA	YCR008W	168	2561	589.5	0.2302	496.4	1942.5	0.0	1.0	8.0	0.5655	3.125	48.6607
YCR009C_mRNA	YCR009C	479	1551	681.0	0.4391	23.0	336.0	0.0167	378.0	577.0	0.0021	1.9269	45.4113
YCR010C_mRNA	YCR010C	4	1356	362.5	0.2673	323.7	923.0	0.0	0.15	26.5	0.5	7.0	38.25
YCR011C_mRNA	YCR011C	200	3360	607.5	0.1808	35.9	2535.5	0.03	0.0	0.0	0.815	6.115	42.1
YCR012W_mRNA	YCR012W	10684	1541	865.0	0.5613	92.0	574.0	0.0003	2.0	7.0	0.6791	3.303	41.3765
YCR014C_mRNA	YCR014C	27	2069	467.0	0.2257	311.5	1591.0	0.037	0.0	4.0	0.7407	3.5556	55.4815
YCR015C_mRNA	YCR015C	457	1350	250.0	0.1852	0.0	0.0	0.7987	2.0	1093.0	0.1269	37.8009	49.5886
YCR016W_mRNA	YCR016W	157	1192	379.0	0.318	14.0	690.0	0.0382	98.8	123.0	0.0127	2.0573	42.9045
YCR017C_mRNA	YCR017C	179	3134	379.0	0.1209	731.9	2732.0	0.0	0.0	14.0	0.3575	1.5531	35.095
YCR018C-A_mRNA	YCR018C-A	14	488	136.0	0.2787	35.75	276.5	0.0714	1.3	124.5	0.1429	17.0714	28.8571
YCR018C_mRNA	YCR018C	441	817	496.0	0.6071	285.0	293.0	0.0	0.0	2.0	0.8526	33.2426	83.8889
YCR019W_mRNA	YCR019W	24	1487	378.0	0.2542	218.9	1107.5	0.0	0.0	4.0	0.8333	3.0	58.75
YCR020C-A_mRNA	YCR020C-A	366	702	422.0	0.6011	11.0	22.0	0.0464	236.0	255.0	0.0027	1.8142	46.3689
YCR020C_mRNA	YCR020C	61	1140	314.0	0.2754	5.0	149.0	0.0656	8.0	743.0	0.1311	3.5738	41.2295
YCR020W-B_mRNA	YCR020W-B	251	810	606.0	0.7481	29.0	153.0	0.0159	3.0	34.0	0.259	1.9522	37.3386
YCR021C_mRNA	YCR021C	1577	1290	844.0	0.6543	20.0	373.0	0.0063	0.0	11.0	0.3843	3.4756	49.572
YCR022C_mRNA	YCR022C	3	889	586.0	0.6592	93.5	269.0	0.0	5.2	34.0	0.3333	0.6667	78.6667
YCR023C_mRNA	YCR023C	146	2265	500.0	0.2208	140.75	1621.5	0.0068	72.25	100.0	0.0137	3.1644	50.3904
YCR024C-A_mRNA	YCR024C-A	1143	868	366.0	0.4217	59.0	478.0	0.0	0.0	8.0	0.692	2.9458	50.1094
YCR024C-B_mRNA	YCR024C-B	1552	814	328.0	0.4029	7.0	476.0	0.1424	2.0	9.5	0.5006	3.0335	46.4265
YCR024C_mRNA	YCR024C	29	1752	406.0	0.2317	140.2	1296.0	0.0345	0.0	2.0	0.7241	1.5862	47.2414
YCR025C_mRNA	YCR025C	38	1056	342.5	0.3243	34.5	240.0	0.0526	1.85	481.0	0.0789	3.0263	47.4474
YCR026C_mRNA	YCR026C	58	2542	681.0	0.2679	287.85	1748.0	0.0	6.85	24.5	0.2069	2.2931	31.3276
YCR027C_mRNA	YCR027C	83	1455	737.0	0.5065	13.0	530.0	0.0482	0.0	303.0	0.3012	2.5783	45.9398
YCR028C-A_mRNA	YCR028C-A	1936	776	600.0	0.7732	3.0	63.0	0.0981	94.0	102.0	0.0	3.1255	44.7345
YCR028C_mRNA	YCR028C	92	2457	548.5	0.2232	59.1	1489.0	0.0	44.85	92.0	0.0217	2.0109	48.4348
YCR030C_mRNA	YCR030C	241	3943	344.0	0.0872	447.0	2283.0	0.0	196.0	214.0	0.0	2.0664	44.1784
YCR031C_mRNA	YCR031C	5572	1363	519.0	0.3808	17.0	29.0	0.0131	781.0	811.0	0.0022	2.1141	32.6134
YCR032W_mRNA	YCR032W	86	6758	729.0	0.1079	43.25	5629.5	0.0349	7.0	67.5	0.0814	2.9651	47.2791
YCR033W_mRNA	YCR033W	59	4076	525.0	0.1288	2517.0	3536.0	0.0	4.0	21.0	0.2203	3.6271	47.7288
YCR034W_mRNA	YCR034W	661	1420	467.0	0.3289	39.0	770.0	0.0015	145.0	162.0	0.0015	2.7307	53.823
YCR035C_mRNA	YCR035C	166	1659	580.0	0.3496	305.75	1028.0	0.0	0.0	3.0	0.6205	1.4819	50.2169
YCR036W_mRNA	YCR036W	264	1230	681.0	0.5537	37.15	408.5	0.0189	85.0	97.0	0.0	3.1894	44.3447
YCR037C_mRNA	YCR037C	58	2907	661.0	0.2274	998.45	2151.5	0.0172	0.0	9.0	0.5345	3.1207	43.8276
YCR038C_mRNA	YCR038C	118	2529	406.5	0.1607	32.65	382.5	0.0339	0.0	1932.5	0.2881	9.4322	38.6271
YCR039C_mRNA	YCR039C	281	715	706.0	0.9874	0.0	3.0	0.6797	0.0	4.0	0.8292	5.4235	44.8861
YCR040W_mRNA	YCR040W	130	528	519.0	0.983	0.0	8.0	0.6462	0.0	0.0	0.9154	15.4385	241.6846
YCR041W_mRNA	YCR041W	63	333	269.0	0.8078	0.0	0.0	0.8095	53.1	60.0	0.0	97.6349	52.8254
YCR042C_mRNA	YCR042C	99	5008	577.0	0.1152	2810.9	4263.0	0.0	0.0	36.0	0.3131	2.4343	35.1414
YCR043C_mRNA	YCR043C	460	672	557.0	0.8289	3.0	42.0	0.0652	50.0	71.0	0.0043	2.1152	43.013
YCR044C_mRNA	YCR044C	107	1253	790.0	0.6305	12.0	340.0	0.0187	58.0	84.0	0.0093	5.1308	49.9065
YCR045W-A_mRNA	YCR045W-A	24	1787	427.5	0.2392	103.1	1252.5	0.0417	38.0	125.0	0.0417	22.5	49.7917
YCR046C_mRNA	YCR046C	94	846	584.0	0.6903	191.0	252.5	0.0	0.0	6.0	0.6809	2.2128	34.234
YCR047C_mRNA	YCR047C	28	1155	337.5	0.2922	321.2	776.0	0.0	1.0	13.0	0.2857	2.25	49.3571
YCR048W_mRNA	YCR048W	95	2101	446.0	0.2123	88.1	1623.0	0.0	9.7	32.0	0.0632	2.4316	53.3684
YCR051W_mRNA	YCR051W	91	942	476.0	0.5053	5.5	355.0	0.0659	85.0	123.0	0.0	1.9231	39.1429
YCR052W_mRNA	YCR052W	70	1792	778.0	0.4342	109.0	919.0	0.0	4.0	41.0	0.1286	2.0143	39.8143
YCR053W_mRNA	YCR053W	986	2522	563.0	0.2232	515.75	1785.0	0.001	0.0	71.0	0.068	4.2698	42.7312
YCR054C_mRNA	YCR054C	50	2027	496.0	0.2447	15.35	1430.5	0.04	10.35	95.5	0.06	2.08	41.04
YCR057C_mRNA	YCR057C	53	2982	458.0	0.1536	864.0	2519.0	0.0	0.0	0.0	0.6981	2.5472	37.283
YCR059C_mRNA	YCR059C	117	1050	525.0	0.5	11.0	465.0	0.0427	59.0	69.0	0.0	2.2308	39.0256
YCR060W_mRNA	YCR060W	288	485	439.0	0.9052	11.0	43.0	0.0417	0.0	1.0	0.9375	1.9271	49.1806
YCR061W_mRNA	YCR061W	47	2318	295.0	0.1273	287.6	1928.0	0.0	0.3	8.0	0.6809	2.234	29.6809
YCR063W_mRNA	YCR063W	16	1073	552.0	0.5144	104.75	142.5	0.0	58.5	90.0	0.0625	1.625	104.1875
YCR064C_mRNA	YCR064C	3	442	200.0	0.4525	69.1	88.0	0.0	16.1	17.0	0.0	11.6667	1.3333
YCR065W_mRNA	YCR065W	72	2254	359.0	0.1593	588.15	1885.5	0.0139	0.0	4.0	0.7639	6.6528	45.7222
YCR066W_mRNA	YCR066W	51	1695	387.0	0.2283	257.5	1291.0	0.0196	0.0	18.0	0.1765	1.1373	56.4314
YCR067C_mRNA	YCR067C	84	3417	596.0	0.1744	608.0	2724.0	0.0	0.0	27.0	0.3571	4.0357	50.8571
YCR068W_mRNA	YCR068W	3	2681	2611.0	0.9739	27.7	70.0	0.0	0.0	0.0	0.6667	2.6667	282.3333
YCR069W_mRNA	YCR069W	123	2275	687.0	0.302	762.9	1551.0	0.0081	0.0	10.0	0.5041	2.1301	48.6016
YCR071C_mRNA	YCR071C	169	731	504.0	0.6895	1.0	40.0	0.1361	146.0	180.0	0.0178	1.8521	40.0651
YCR072C_mRNA	YCR072C	57	1818	560.0	0.308	135.0	1096.0	0.0175	15.0	48.0	0.0175	3.2982	39.5263
YCR073C_mRNA	YCR073C	83	4143	550.0	0.1328	948.2	3540.0	0.0	0.2	14.0	0.4578	1.3494	46.8554
YCR073W-A_mRNA	YCR073W-A	100	1094	707.5	0.6467	15.0	374.5	0.01	0.0	12.0	0.38	1.34	51.13
YCR075C_mRNA	YCR075C	24	951	559.5	0.5883	15.3	391.5	0.0	0.0	0.0	0.8333	2.9167	47.25
YCR075W-A_mRNA	YCR075W-A	136	552	310.0	0.5616	203.75	238.0	0.0	0.0	1.0	0.9485	1.2794	45.4706
YCR076C_mRNA	YCR076C	52	997	783.5	0.7859	10.55	72.0	0.0577	99.55	118.0	0.0	0.4231	32.1346
YCR077C_mRNA	YCR077C	209	2627	535.0	0.2037	757.6	2012.0	0.0048	47.4	62.0	0.0048	3.5502	39.0957
YCR079W_mRNA	YCR079W	59	1512	813.0	0.5377	36.0	695.0	0.0	0.0	5.0	0.6949	2.6102	61.678
YCR081W_mRNA	YCR081W	158	5013	490.0	0.0977	1551.15	4508.0	0.019	1.0	11.0	0.3165	3.4114	46.1203
YCR082W_mRNA	YCR082W	406	1707	501.0	0.2935	1170.25	1200.0	0.0	0.0	0.0	0.7759	2.0197	62.1601
YCR083W_mRNA	YCR083W	174	556	483.5	0.8696	26.0	38.0	0.0287	0.0	20.0	0.2069	4.7529	40.3218
YCR084C_mRNA	YCR084C	154	2686	566.5	0.2109	796.0	2053.5	0.0065	0.0	22.0	0.3961	3.4091	51.3701
YCR085W_mRNA	YCR085W	1	354	159.0	0.4492	81.0	81.0	0.0	114.0	114.0	0.0	3.0	4.0
YCR086W_mRNA	YCR086W	9	888	638.0	0.7185	94.0	244.0	0.0	1.0	6.0	0.8889	1.5556	41.0
YCR087C-A_mRNA	YCR087C-A	70	942	501.5	0.5324	393.0	428.5	0.0	0.0	2.5	0.8429	2.1714	37.1857
YCR087W_mRNA	YCR087W	22	1244	621.5	0.4996	10.6	65.5	0.0909	537.0	545.0	0.0	2.5455	44.6364
YCR088W_mRNA	YCR088W	132	2328	405.5	0.1742	394.65	1853.0	0.0	0.0	9.0	0.5303	2.7955	43.1061
YCR089W_mRNA	YCR089W	21	5040	417.0	0.0827	2.0	4569.0	0.0952	7.0	15.0	0.2381	16.5238	64.8571
YCR090C_mRNA	YCR090C	549	1042	615.0	0.5902	394.0	418.0	0.0	0.0	3.0	0.8634	2.4299	51.3789
YCR091W_mRNA	YCR091W	18	3177	462.5	0.1456	674.05	2566.5	0.0556	0.0	42.0	0.3333	14.7222	76.7222
YCR092C_mRNA	YCR092C	46	3689	493.0	0.1336	451.0	2884.0	0.0	0.0	15.0	0.4348	1.7609	51.6739
YCR093W_mRNA	YCR093W	151	6506	545.0	0.0838	43.0	4870.0	0.0132	1.0	23.0	0.1325	2.5497	46.596
YCR094W_mRNA	YCR094W	89	1741	588.0	0.3377	4.0	780.0	0.0787	236.0	254.0	0.0	1.3708	47.382
YCR095C_mRNA	YCR095C	148	1240	807.5	0.6512	25.0	256.0	0.0	0.0	41.0	0.1149	5.1014	51.5068
YCR095W-A_mRNA	YCR095W-A	30	1728	461.5	0.2671	40.9	1196.0	0.0	0.0	190.0	0.4333	3.8	38.6667
YCR096C_mRNA	YCR096C	16	860	571.0	0.664	258.0	275.5	0.0	0.0	0.0	0.875	43.625	51.75
YCR098C_mRNA	YCR098C	158	2035	447.0	0.2197	186.0	1548.0	0.0063	0.0	0.0	0.8038	4.2848	58.7975
YCR099C_mRNA	YCR099C	109	1667	447.0	0.2681	0.0	1210.0	0.1376	0.0	2.0	0.9174	86.7982	60.3394
YCR101C_mRNA	YCR101C	3	549	308.0	0.561	0.0	0.0	0.6667	1.6	7.0	0.6667	317.0	98.3333
YCR102C_mRNA	YCR102C	45	1575	565.0	0.3587	139.0	762.0	0.0	173.0	173.0	0.0	1.1556	41.6222
YCR104W_mRNA	YCR104W	1	375	375.0	1.0	0.0	0.0	1.0	0.0	0.0	1.0	210.0	150.0
YCR105W_mRNA	YCR105W	31	1124	378.0	0.3363	562.0	745.0	0.0	0.0	1.0	1.0	2.2903	75.0323
YCR106W_mRNA	YCR106W	10	2499	759.0	0.3037	2.7	1346.0	0.2	0.0	0.0	0.6	1.6	254.9
YCR107W_mRNA	YCR107W	91	2207	548.0	0.2483	30.5	1450.0	0.033	0.0	58.0	0.3187	22.1868	51.7143
YDL130W-A_mRNA	YDL130W-A	197	522	424.0	0.8123	21.0	71.0	0.0152	20.8	27.0	0.0254	2.203	42.5381
YDL130W_mRNA	YDL130W	6229	734	424.0	0.5777	65.0	95.0	0.0011	208.0	214.0	0.0	2.8688	47.6417
YDL131W_mRNA	YDL131W	487	1720	511.0	0.2971	65.0	955.0	0.0103	179.0	202.0	0.0021	2.4271	43.5072
YDL132W_mRNA	YDL132W	135	2904	527.0	0.1815	4.7	2196.0	0.0889	0.0	5.0	0.563	2.6889	54.763
YDL133C-A_mRNA	YDL133C-A	26187	473	289.0	0.611	112.0	146.0	0.0004	25.0	38.0	0.0011	1.7592	27.5625
YDL133W_mRNA	YDL133W	109	1906	496.0	0.2602	382.8	1386.0	0.0	1.0	12.0	0.3578	2.0917	50.0183
YDL134C_mRNA	YDL134C	335	2029	539.0	0.2656	264.8	1361.0	0.0209	57.0	81.0	0.0	7.5731	39.6776
YDL135C_mRNA	YDL135C	672	1095	714.5	0.6525	98.55	160.0	0.0119	33.1	232.0	0.0104	2.2619	48.6369
YDL136W_mRNA	YDL136W	6121	742	463.0	0.624	6.0	40.0	0.06	187.0	235.0	0.0007	3.107	39.8564
YDL137W_mRNA	YDL137W	1556	937	680.0	0.7257	32.0	142.0	0.0212	32.0	111.0	0.0193	11.7596	41.8689
YDL138W_mRNA	YDL138W	22	2570	505.5	0.1967	0.05	1934.0	0.1818	0.0	10.0	0.5455	5.8182	53.4091
YDL139C_mRNA	YDL139C	10	839	309.0	0.3683	179.9	514.0	0.0	0.0	2.0	0.7	0.3	65.2
YDL140C_mRNA	YDL140C	154	5735	496.0	0.0865	10.1	5154.0	0.0519	4.65	20.0	0.1299	11.1558	46.2468
YDL141W_mRNA	YDL141W	91	2634	466.0	0.1769	106.0	2118.0	0.011	0.0	4.0	0.6374	1.989	49.0879
YDL142C_mRNA	YDL142C	69	1070	585.0	0.5467	39.2	485.0	0.0145	0.0	10.0	0.5072	3.5072	44.5652
YDL143W_mRNA	YDL143W	512	1882	524.0	0.2784	11.0	1199.0	0.041	113.0	158.0	0.0176	2.8379	48.1387
YDL144C_mRNA	YDL144C	74	1290	806.0	0.6248	21.9	342.5	0.027	46.0	93.0	0.0	3.9459	52.8108
YDL145C_mRNA	YDL145C	564	4096	440.5	0.1075	1365.15	3617.0	0.0	7.0	22.0	0.0887	2.5479	48.8954
YDL146W_mRNA	YDL146W	64	1930	409.0	0.2119	16.15	1215.5	0.0156	0.75	127.5	0.2188	3.375	55.375
YDL147W_mRNA	YDL147W	1182	1768	840.5	0.4754	19.0	661.5	0.0135	233.0	242.0	0.0068	2.3731	47.8401
YDL148C_mRNA	YDL148C	251	2779	482.0	0.1734	947.0	2213.0	0.0	0.0	84.0	0.2151	3.7092	48.2271
YDL149W_mRNA	YDL149W	48	3118	696.0	0.2232	880.5	2328.5	0.0208	0.0	6.0	0.5625	5.6042	58.375
YDL150W_mRNA	YDL150W	209	1540	419.0	0.2721	573.6	1092.0	0.0	0.0	11.0	0.4928	2.1435	54.7177
YDL153C_mRNA	YDL153C	337	2056	510.0	0.2481	458.8	1522.0	0.0	0.0	17.0	0.365	1.9525	46.7329
YDL154W_mRNA	YDL154W	50	2886	628.0	0.2176	1763.25	2165.0	0.0	0.0	2.5	0.54	2.12	74.48
YDL155W_mRNA	YDL155W	86	2594	427.5	0.1648	1057.75	2081.0	0.0116	0.0	7.0	0.6628	3.7326	44.8953
YDL156W_mRNA	YDL156W	3	1962	626.0	0.3191	124.9	1168.0	0.3333	31.2	33.0	0.0	0.0	66.3333
YDL157C_mRNA	YDL157C	484	761	528.5	0.6945	9.05	39.0	0.0517	76.0	177.0	0.0021	2.8822	41.186
YDL158C_mRNA	YDL158C	440	780	524.0	0.6718	13.0	36.0	0.0227	95.0	198.0	0.025	2.2545	39.4364
YDL159W_mRNA	YDL159W	27	1792	861.0	0.4805	17.5	619.0	0.0	55.6	75.0	0.0	3.2963	50.3704
YDL160C-A_mRNA	YDL160C-A	275	1363	446.0	0.3272	10.0	26.0	0.0691	794.0	892.0	0.0036	3.0691	40.8291
YDL160C_mRNA	YDL160C	153	2346	335.0	0.1428	2.6	1962.0	0.085	0.0	8.0	0.5359	9.9739	59.4641
YDL161W_mRNA	YDL161W	149	1633	678.0	0.4152	395.4	789.0	0.0	20.0	133.0	0.0268	3.0403	52.7248
YDL164C_mRNA	YDL164C	53	2493	537.0	0.2154	283.8	1950.0	0.0	0.0	4.0	0.8302	0.9623	35.4906
YDL165W_mRNA	YDL165W	117	823	627.0	0.7618	17.0	47.0	0.0171	71.8	153.0	0.0	2.0684	33.7778
YDL166C_mRNA	YDL166C	172	815	689.0	0.8454	25.0	59.0	0.0058	18.85	61.0	0.0407	2.0988	39.5756
YDL167C_mRNA	YDL167C	114	2451	548.5	0.2238	18.0	1766.0	0.0088	8.6	97.0	0.0614	2.0088	49.3158
YDL168W_mRNA	YDL168W	321	1460	669.0	0.4582	41.0	683.0	0.0093	7.0	114.0	0.2368	3.6449	42.8411
YDL169C_mRNA	YDL169C	20	876	397.0	0.4532	10.95	278.0	0.05	77.6	98.0	0.0	20.65	17.75
YDL170W_mRNA	YDL170W	46	1779	542.0	0.3047	15.5	1167.0	0.0435	0.75	39.0	0.1957	1.4565	43.5217
YDL171C_mRNA	YDL171C	297	6825	600.0	0.0879	482.6	6124.0	0.0067	0.0	11.0	0.4141	2.0976	49.6094
YDL172C_mRNA	YDL172C	65	931	339.0	0.3641	12.0	100.0	0.0462	455.2	474.0	0.0	3.2308	48.6
YDL173W_mRNA	YDL173W	61	1031	945.0	0.9166	2.0	52.0	0.2623	0.0	4.0	0.8361	2.6885	40.9016
YDL174C_mRNA	YDL174C	92	1956	635.5	0.3249	75.55	1280.0	0.0	0.0	1.0	0.663	4.163	40.3152
YDL175C_mRNA	YDL175C	72	1304	451.5	0.3462	34.1	785.5	0.0	0.0	4.0	0.625	1.9583	48.3889
YDL176W_mRNA	YDL176W	83	2515	541.0	0.2151	343.0	1738.0	0.0241	3.0	141.0	0.0723	7.506	51.0361
YDL177C_mRNA	YDL177C	58	715	486.0	0.6797	31.85	212.5	0.0	8.0	16.0	0.1897	1.069	43.1207
YDL178W_mRNA	YDL178W	199	1750	597.0	0.3411	6.0	1068.0	0.1156	31.3	69.0	0.0352	3.1859	42.5377
YDL179W_mRNA	YDL179W	78	1283	433.5	0.3379	20.85	704.0	0.0256	13.35	117.5	0.0513	7.8077	50.2179
YDL180W_mRNA	YDL180W	194	1884	516.5	0.2742	82.0	1326.5	0.0	0.0	12.0	0.4948	1.5206	67.2423
YDL181W_mRNA	YDL181W	339	626	406.0	0.6486	0.0	18.0	0.4071	189.0	199.0	0.0059	12.8171	41.6755
YDL182W_mRNA	YDL182W	247	1471	687.0	0.467	63.3	769.0	0.0	2.0	4.0	0.7287	2.0	46.2429
YDL183C_mRNA	YDL183C	44	4216	264.5	0.0627	1984.8	2110.5	0.0	234.0	1710.0	0.0	2.5909	39.3182
YDL184C_mRNA	YDL184C	36235	521	300.0	0.5758	6.0	13.0	0.0971	202.0	207.0	0.0	2.8809	30.1472
YDL185W_mRNA	YDL185W	1529	3489	512.0	0.1467	938.0	2922.0	0.002	19.0	58.0	0.0209	2.6403	45.344
YDL187C_mRNA	YDL187C	21	1109	667.0	0.6014	4.0	174.0	0.0952	183.0	253.0	0.0	1.619	47.1905
YDL188C_mRNA	YDL188C	128	1469	721.5	0.4912	36.0	676.5	0.0078	7.35	73.0	0.1172	2.7656	57.2578
YDL189W_mRNA	YDL189W	116	1623	438.5	0.2702	85.0	1073.5	0.0172	5.0	62.0	0.069	5.1293	36.6638
YDL190C_mRNA	YDL190C	161	3278	583.0	0.1779	546.0	2629.0	0.0248	0.0	4.0	0.6025	1.7081	52.6832
YDL191W_mRNA	YDL191W	10569	1162	463.0	0.3985	664.0	683.0	0.0004	1.0	11.0	0.4964	2.272	40.1088
YDL192W_mRNA	YDL192W	5251	1370	635.0	0.4635	14.0	63.0	0.0482	476.5	591.0	0.0	1.9396	39.009
YDL193W_mRNA	YDL193W	180	1434	455.0	0.3173	49.6	966.5	0.0111	0.0	6.0	0.65	2.3333	43.3889
YDL194W_mRNA	YDL194W	35	2928	424.0	0.1448	106.5	2504.0	0.0286	0.0	1.0	0.7714	3.3714	97.9714
YDL195W_mRNA	YDL195W	335	4100	539.0	0.1315	1809.8	3500.0	0.006	2.7	30.0	0.0896	4.606	45.2746
YDL197C_mRNA	YDL197C	44	2129	530.5	0.2492	89.45	1375.5	0.0	0.0	78.5	0.25	2.7045	82.4091
YDL198C_mRNA	YDL198C	739	1316	376.0	0.2857	238.8	869.0	0.0068	3.0	33.0	0.0934	2.6793	52.9743
YDL199C_mRNA	YDL199C	26	2205	465.0	0.2109	80.25	1606.0	0.0385	0.25	9.5	0.5	33.5	75.5385
YDL200C_mRNA	YDL200C	196	703	580.0	0.825	30.0	97.5	0.0	0.0	11.0	0.3878	2.1633	52.1684
YDL201W_mRNA	YDL201W	99	1237	727.0	0.5877	229.9	431.0	0.0	1.0	7.0	0.5859	2.8384	46.6263
YDL202W_mRNA	YDL202W	99	1230	413.0	0.3358	9.0	481.0	0.0707	266.0	291.0	0.0	2.0303	37.1414
YDL203C_mRNA	YDL203C	69	2266	498.0	0.2198	56.6	1748.0	0.0	2.0	11.0	0.4203	1.5797	47.8261
YDL204W_mRNA	YDL204W	74	1875	460.0	0.2453	10.0	640.0	0.0811	12.0	54.0	0.0405	3.2973	39.9459
YDL205C_mRNA	YDL205C	104	1609	451.5	0.2806	118.5	1091.5	0.0192	0.0	16.5	0.4038	7.8462	46.4712
YDL206W_mRNA	YDL206W	52	2546	515.0	0.2023	440.2	1975.0	0.0	1.0	4.0	0.6731	2.5769	53.3462
YDL207W_mRNA	YDL207W	40	1736	579.5	0.3338	443.9	1132.0	0.0	1.0	7.0	0.775	0.75	51.8
YDL208W_mRNA	YDL208W	914	745	561.5	0.7537	1.0	49.5	0.1477	103.65	112.0	0.0	2.0864	35.8621
YDL209C_mRNA	YDL209C	39	1311	306.0	0.2334	21.2	949.0	0.0513	35.8	56.0	0.0	2.2308	48.3333
YDL210W_mRNA	YDL210W	21	2676	346.0	0.1293	823.0	2298.0	0.0	0.0	1.0	0.8095	1.9048	56.4286
YDL211C_mRNA	YDL211C	43	1387	526.0	0.3792	469.2	861.0	0.0	0.0	4.0	0.6977	1.814	56.3488
YDL212W_mRNA	YDL212W	1286	930	765.5	0.8231	47.0	88.0	0.0039	33.0	59.0	0.0109	3.0241	43.9253
YDL213C_mRNA	YDL213C	351	1245	375.0	0.3012	20.0	405.0	0.0142	415.0	472.0	0.0	2.2735	33.9373
YDL214C_mRNA	YDL214C	2	2299	689.0	0.2997	566.25	892.5	0.0	93.35	717.5	0.0	1.0	50.0
YDL215C_mRNA	YDL215C	161	3824	491.0	0.1284	357.0	3221.0	0.0	0.0	3.0	0.6957	2.323	45.5652
YDL216C_mRNA	YDL216C	42	1475	522.5	0.3542	21.1	861.0	0.0	0.0	5.0	0.6429	2.6667	56.0238
YDL217C_mRNA	YDL217C	94	1259	611.5	0.4857	8.25	422.0	0.0638	62.0	286.5	0.0	12.9468	45.734
YDL218W_mRNA	YDL218W	3	1546	346.0	0.2238	1046.1	1200.0	0.0	0.0	0.0	1.0	0.6667	59.3333
YDL219W_mRNA	YDL219W	443	925	569.0	0.6151	150.3	185.0	0.0045	0.0	5.0	0.5327	3.298	47.5169
YDL220C_mRNA	YDL220C	7	3302	561.0	0.1699	273.5	1247.0	0.0	6.3	1412.0	0.1429	1.1429	16.2857
YDL222C_mRNA	YDL222C	29	2177	381.0	0.175	317.6	700.0	0.0	0.0	1277.0	0.2414	4.3103	43.7931
YDL223C_mRNA	YDL223C	13	3511	604.0	0.172	2600.8	2899.0	0.0	0.0	7.0	0.8462	3.0769	35.6923
YDL224C_mRNA	YDL224C	110	2459	483.5	0.1966	11.45	1869.5	0.0455	0.0	1.0	0.6818	4.4273	60.0818
YDL225W_mRNA	YDL225W	191	1928	484.0	0.251	5.5	1269.0	0.0942	98.0	140.0	0.0157	1.7644	43.7435
YDL226C_mRNA	YDL226C	338	1407	483.5	0.3436	16.85	791.0	0.0089	63.0	104.0	0.0148	1.8787	43.7456
YDL227C_mRNA	YDL227C	69	2174	395.0	0.1817	318.4	1709.0	0.029	0.0	2.0	0.7536	17.8406	48.6377
YDL229W_mRNA	YDL229W	3850	2053	784.5	0.3821	80.0	1245.5	0.0	1.0	8.0	0.6442	2.3844	45.7826
YDL230W_mRNA	YDL230W	50	1173	507.5	0.4327	16.15	591.0	0.0	62.0	74.0	0.02	3.0	50.52
YDL231C_mRNA	YDL231C	107	3546	476.0	0.1342	513.0	3026.0	0.0187	0.0	3.0	0.785	4.6355	53.6636
YDL232W_mRNA	YDL232W	502	501	369.0	0.7365	114.0	127.0	0.0	0.0	4.0	0.7769	1.4004	54.6255
YDL233W_mRNA	YDL233W	53	1578	550.0	0.3485	10.2	1008.0	0.0566	0.0	11.0	0.3774	1.4528	52.6038
YDL234C_mRNA	YDL234C	479	2547	510.0	0.2002	757.6	1953.0	0.0	0.0	72.0	0.2067	3.3862	41.6075
YDL235C_mRNA	YDL235C	507	790	639.0	0.8089	12.0	62.0	0.0276	15.0	29.0	0.0138	3.9586	50.3945
YDL236W_mRNA	YDL236W	369	1194	699.0	0.5854	15.0	425.0	0.0434	20.0	63.0	0.0163	2.1843	49.0759
YDL237W_mRNA	YDL237W	126	1500	517.0	0.3447	9.0	772.0	0.0794	0.0	128.0	0.1032	3.2937	39.7698
YDL238C_mRNA	YDL238C	30	1581	560.0	0.3542	28.8	887.0	0.0	0.0	3.5	0.7	2.8333	68.1
YDL239C_mRNA	YDL239C	73	2560	509.0	0.1988	560.2	1936.0	0.0411	0.0	3.0	0.7671	30.2329	57.5068
YDL240W_mRNA	YDL240W	33	3483	603.0	0.1731	936.6	2874.0	0.0	1.0	4.0	0.7273	3.9091	59.9091
YDL241W_mRNA	YDL241W	310	1708	457.0	0.2676	544.8	998.5	0.0032	0.45	185.0	0.1548	6.2161	58.7935
YDL242W_mRNA	YDL242W	1	354	189.0	0.5339	165.0	165.0	0.0	0.0	0.0	1.0	0.0	560.0
YDL243C_mRNA	YDL243C	267	1900	485.0	0.2553	608.0	1322.0	0.0037	4.0	85.0	0.0637	16.3446	50.8914
YDL244W_mRNA	YDL244W	8	1156	329.5	0.285	760.6	822.5	0.0	0.35	2.0	1.0	4.125	51.25
YDL245C_mRNA	YDL245C	20	2123	77.0	0.0363	1512.2	2046.0	0.0	0.0	0.0	1.0	3.3	249.0
YDL246C_mRNA	YDL246C	58	1568	455.0	0.2902	774.25	1111.5	0.0	0.0	2.0	0.8793	1.8793	55.069
YDL247W-A_mRNA	YDL247W-A	13	936	500.0	0.5342	0.0	436.0	0.2308	0.0	0.0	1.0	120.6154	428.3846
YDL247W_mRNA	YDL247W	2	2371	1037.0	0.4374	520.35	874.5	0.0	426.65	459.5	0.0	0.0	29.0
YDL248W_mRNA	YDL248W	108	1765	830.0	0.4703	2.35	828.5	0.2407	0.0	3.0	0.6111	6.4907	79.5
YDL001W_mRNA	YDL001W	125	1500	691.0	0.4607	26.0	765.0	0.04	0.2	15.0	0.232	2.776	49.168
YDL002C_mRNA	YDL002C	270	1240	530.0	0.4274	31.45	461.0	0.0074	157.55	253.0	0.0185	1.5852	37.2148
YDL003W_mRNA	YDL003W	80	1960	386.0	0.1969	324.5	1565.5	0.0125	1.0	12.0	0.4375	7.475	46.8375
YDL004W_mRNA	YDL004W	1124	925	524.5	0.567	10.0	216.0	0.0712	106.0	166.0	0.0009	2.1699	44.177
YDL005C_mRNA	YDL005C	121	1586	558.0	0.3518	48.0	992.0	0.0	0.0	5.0	0.5289	3.1074	65.5868
YDL006W_mRNA	YDL006W	144	1436	546.0	0.3802	0.0	606.0	0.0833	107.0	115.5	0.0208	1.8194	41.1389
YDL007W_mRNA	YDL007W	410	1504	600.5	0.3993	19.0	818.5	0.0146	36.45	70.0	0.0024	2.978	40.739
YDL008W_mRNA	YDL008W	257	708	588.0	0.8305	28.8	78.0	0.0195	5.0	39.0	0.0973	1.8054	52.3307
YDL010W_mRNA	YDL010W	162	1678	505.5	0.3013	541.0	991.0	0.0	121.0	148.0	0.0247	2.1975	42.0741
YDL012C_mRNA	YDL012C	270	1053	434.5	0.4126	121.8	565.0	0.0037	0.0	7.0	0.6222	4.2185	55.0556
YDL013W_mRNA	YDL013W	61	2137	564.0	0.2639	841.0	1572.0	0.0	0.0	14.0	0.459	4.1803	50.7213
YDL014W_mRNA	YDL014W	1541	1391	478.0	0.3436	100.0	839.0	0.0013	21.0	90.0	0.0097	2.1136	41.7216
YDL015C_mRNA	YDL015C	584	1242	1146.5	0.9231	23.0	78.0	0.0017	0.0	11.0	0.4812	2.8116	50.2637
YDL016C_mRNA	YDL016C	453	1297	507.0	0.3909	0.0	599.0	0.0993	185.0	190.0	0.0	11.7748	48.6689
YDL017W_mRNA	YDL017W	35	1751	451.0	0.2576	26.9	1291.0	0.0286	0.0	14.0	0.3714	0.8	39.8571
YDL018C_mRNA	YDL018C	152	1023	584.0	0.5709	13.55	304.0	0.0	12.1	95.0	0.0461	3.0987	44.6316
YDL019C_mRNA	YDL019C	85	4205	366.0	0.087	75.2	3762.0	0.0353	0.0	60.0	0.2941	4.3765	61.8941
YDL020C_mRNA	YDL020C	574	1999	355.5	0.1778	13.0	1378.5	0.0331	0.0	30.0	0.1446	6.5993	43.1969
YDL021W_mRNA	YDL021W	37	1191	534.0	0.4484	46.8	500.0	0.027	8.2	111.0	0.0811	2.5946	43.5676
YDL022W_mRNA	YDL022W	232	1551	673.0	0.4339	88.0	796.0	0.0043	1.0	35.0	0.2672	4.1034	46.4095
YDL024C_mRNA	YDL024C	8	1991	348.0	0.1748	1162.85	1640.0	0.0	0.0	3.5	0.75	1.625	90.5
YDL025C_mRNA	YDL025C	164	2911	587.0	0.2016	749.75	2270.0	0.0	0.0	40.5	0.4512	2.6951	48.7805
YDL026W_mRNA	YDL026W	2	740	353.0	0.477	77.55	307.5	0.0	9.75	79.5	0.5	2.0	51.5
YDL027C_mRNA	YDL027C	148	1505	531.0	0.3528	27.1	865.5	0.0	19.0	55.0	0.0135	4.7568	47.25
YDL028C_mRNA	YDL028C	62	2630	548.5	0.2086	493.75	2052.0	0.0	0.0	4.0	0.6774	1.4516	40.7742
YDL029W_mRNA	YDL029W	365	1542	494.0	0.3204	6.0	854.0	0.0603	55.2	201.0	0.0	3.126	39.8521
YDL030W_mRNA	YDL030W	71	1830	474.0	0.259	203.0	1306.0	0.0	0.0	8.0	0.6056	1.4789	41.1549
YDL031W_mRNA	YDL031W	210	3180	501.5	0.1577	978.75	2616.0	0.0	1.35	52.0	0.0667	1.4381	42.0381
YDL033C_mRNA	YDL033C	25	1554	524.0	0.3372	22.4	975.0	0.0	10.0	55.0	0.12	1.92	67.44
YDL035C_mRNA	YDL035C	138	3327	498.0	0.1497	267.95	2761.5	0.0217	0.0	7.0	0.5362	2.3478	49.1014
YDL036C_mRNA	YDL036C	60	1732	489.5	0.2826	175.65	1199.0	0.0	0.0	51.0	0.15	3.7	108.5
YDL037C_mRNA	YDL037C	4	987	626.5	0.6348	0.0	0.0	0.75	2.75	345.5	0.5	163.0	148.0
YDL039C_mRNA	YDL039C	141	3205	574.0	0.1791	178.0	2579.0	0.0	0.0	4.0	0.5816	76.8227	59.9574
YDL040C_mRNA	YDL040C	221	2749	657.0	0.239	54.0	2051.0	0.0	3.0	9.0	0.7104	2.724	47.2217
YDL041W_mRNA	YDL041W	20	807	223.5	0.277	327.45	576.5	0.0	0.0	9.0	0.5	1.45	33.45
YDL042C_mRNA	YDL042C	56	1891	400.0	0.2115	70.5	1465.5	0.0	0.75	14.0	0.375	4.8214	49.3214
YDL043C_mRNA	YDL043C	88	1294	780.0	0.6028	14.35	340.5	0.0341	8.05	139.0	0.0682	13.4773	52.7841
YDL044C_mRNA	YDL044C	58	1956	386.0	0.1973	84.6	1440.5	0.0	0.0	8.5	0.5517	1.3448	42.7241
YDL045C_mRNA	YDL045C	130	1234	643.5	0.5215	62.45	588.5	0.0	0.0	3.0	0.6769	2.5308	54.2
YDL045W-A_mRNA	YDL045W-A	203	622	403.0	0.6479	186.0	211.0	0.0	0.0	0.0	0.9064	1.6847	58.0936
YDL046W_mRNA	YDL046W	300	945	661.0	0.6995	0.0	166.0	0.2767	92.0	105.0	0.0067	7.3367	50.78
YDL047W_mRNA	YDL047W	153	1492	767.0	0.5141	14.6	691.0	0.0458	0.6	17.0	0.3137	4.0196	50.3922
YDL048C_mRNA	YDL048C	280	1660	509.5	0.3069	20.0	1111.0	0.0179	20.0	48.0	0.0107	3.7393	47.1893
YDL049C_mRNA	YDL049C	78	1434	335.0	0.2336	26.75	378.0	0.0256	0.0	44.0	0.3333	12.5128	49.2564
YDL051W_mRNA	YDL051W	732	1195	544.0	0.4552	73.0	489.0	0.0014	2.0	152.0	0.0847	1.9372	39.1284
YDL052C_mRNA	YDL052C	143	1245	677.0	0.5438	13.0	363.0	0.007	186.3	201.0	0.007	1.8811	48.2657
YDL053C_mRNA	YDL053C	265	961	497.0	0.5172	27.2	453.0	0.0	0.0	4.0	0.6151	1.883	42.6566
YDL054C_mRNA	YDL054C	124	1669	485.0	0.2906	53.3	1122.5	0.0161	2.0	8.0	0.6694	10.121	56.9919
YDL055C_mRNA	YDL055C	4060	1557	786.0	0.5048	15.0	610.5	0.0187	64.0	75.0	0.0025	2.6968	48.5569
YDL056W_mRNA	YDL056W	82	2692	505.0	0.1876	1279.5	2176.5	0.0122	0.0	6.5	0.6951	1.378	53.0488
YDL057W_mRNA	YDL057W	52	1252	430.5	0.3438	52.8	604.5	0.0	46.6	171.0	0.0577	1.5192	36.9038
YDL058W_mRNA	YDL058W	33	5718	482.0	0.0843	253.0	5199.0	0.0	2.4	28.0	0.1515	1.5152	57.697
YDL059C_mRNA	YDL059C	51	1095	563.0	0.5142	70.5	515.0	0.0	0.0	6.0	0.5882	2.4118	61.9412
YDL060W_mRNA	YDL060W	285	2481	405.0	0.1632	1279.2	2065.0	0.014	0.0	4.0	0.7789	2.6912	50.3333
YDL061C_mRNA	YDL061C	6053	551	333.0	0.6044	35.0	56.0	0.0013	97.0	155.0	0.0025	13.3906	45.4355
YDL063C_mRNA	YDL063C	233	2175	495.0	0.2276	44.4	1528.0	0.0258	82.0	141.0	0.0258	2.8197	47.0258
YDL064W_mRNA	YDL064W	235	1406	571.0	0.4061	788.8	815.0	0.0	0.0	4.0	0.7021	6.0213	63.1106
YDL065C_mRNA	YDL065C	73	1240	598.0	0.4823	89.0	615.0	0.0	0.0	26.0	0.0822	0.9315	55.3973
YDL066W_mRNA	YDL066W	398	1890	507.0	0.2683	89.0	979.0	0.0	334.7	409.0	0.0	3.9523	44.1457
YDL067C_mRNA	YDL067C	907	702	430.0	0.6125	244.0	268.0	0.0	0.0	2.0	0.8942	3.0662	33.5215
YDL068W_mRNA	YDL068W	4	582	277.0	0.4759	176.75	293.5	0.0	4.45	11.5	0.5	16.75	66.25
YDL069C_mRNA	YDL069C	123	961	621.0	0.6462	3.0	281.0	0.0569	1.1	17.0	0.4553	7.4715	51.2195
YDL070W_mRNA	YDL070W	389	2348	537.0	0.2287	485.4	1788.0	0.0	0.0	11.0	0.4756	3.2237	65.9949
YDL072C_mRNA	YDL072C	626	1153	600.0	0.5204	401.0	532.5	0.0	0.0	2.0	0.8722	2.3003	52.0767
YDL073W_mRNA	YDL073W	78	3181	376.0	0.1182	1.7	2716.5	0.0641	1.0	8.5	0.5256	2.5256	46.0
YDL074C_mRNA	YDL074C	250	2309	706.5	0.306	12.0	1494.5	0.012	10.0	39.0	0.06	2.04	43.84
YDL075W_mRNA	YDL075W	8269	603	415.0	0.6882	132.0	145.0	0.0011	35.0	37.0	0.0125	2.5199	35.3684
YDL076C_mRNA	YDL076C	152	1258	474.0	0.3768	27.55	763.0	0.0132	0.0	28.0	0.3421	3.1776	47.7961
YDL077C_mRNA	YDL077C	86	3389	488.0	0.144	173.75	2842.5	0.0116	0.0	6.0	0.5349	1.2209	48.9186
YDL078C_mRNA	YDL078C	367	1533	993.0	0.6477	318.0	493.0	0.0	0.0	36.0	0.1253	2.3161	49.3324
YDL079C_mRNA	YDL079C	37	1895	488.0	0.2575	1.6	224.0	0.1081	6.8	1223.0	0.1622	20.2973	134.1622
YDL080C_mRNA	YDL080C	56	2175	461.5	0.2122	37.75	1551.5	0.0179	0.0	3.0	0.625	3.0	53.7143
YDL081C_mRNA	YDL081C	9567	759	473.0	0.6232	4.0	17.0	0.1573	261.0	261.0	0.0002	3.3603	50.4433
YDL082W_mRNA	YDL082W	1837	1047	572.0	0.5463	33.0	200.0	0.0087	242.0	249.0	0.0	1.816	40.7768
YDL083C_mRNA	YDL083C	6920	2260	553.0	0.2447	1676.0	1692.0	0.0	0.0	9.0	0.5551	2.7555	36.6386
YDL084W_mRNA	YDL084W	870	1820	631.0	0.3467	19.45	945.0	0.0172	196.0	231.0	0.0023	2.7563	39.7126
YDL085C-A_mRNA	YDL085C-A	84	4771	344.0	0.0721	4053.6	4106.0	0.0	191.3	320.0	0.0	6.4524	38.0119
YDL085W_mRNA	YDL085W	2	1753	1014.5	0.5787	82.7	737.0	0.5	1.05	1.5	1.0	0.5	50.0
YDL086W_mRNA	YDL086W	187	1100	718.0	0.6527	193.0	297.0	0.0	0.0	22.0	0.262	2.5348	45.2139
YDL087C_mRNA	YDL087C	13	2008	709.0	0.3531	253.6	495.0	0.0	732.6	805.0	0.0	4.6923	50.7692
YDL088C_mRNA	YDL088C	157	2680	539.0	0.2011	442.6	2061.0	0.0	0.0	5.0	0.6688	1.3885	59.2102
YDL089W_mRNA	YDL089W	91	1854	421.0	0.2271	62.0	1414.0	0.0	0.0	1.0	0.7253	2.0879	40.5604
YDL090C_mRNA	YDL090C	32	1844	545.5	0.2958	473.75	1269.0	0.0	0.0	4.5	0.8125	1.875	83.2812
YDL091C_mRNA	YDL091C	62	1709	500.5	0.2929	129.5	1167.0	0.0161	12.3	26.5	0.0323	5.6774	48.5806
YDL092W_mRNA	YDL092W	439	687	579.0	0.8428	29.0	40.0	0.0	41.0	62.0	0.0114	2.0683	37.6492
YDL093W_mRNA	YDL093W	111	2712	469.0	0.1729	988.0	2233.0	0.0	0.0	4.0	0.5766	1.9459	43.4775
YDL094C_mRNA	YDL094C	1	510	497.0	0.9745	13.0	13.0	0.0	0.0	0.0	1.0	4.0	190.0
YDL095W_mRNA	YDL095W	373	2882	449.0	0.1558	418.4	2133.0	0.0134	259.0	299.0	0.0	2.9437	41.4853
YDL097C_mRNA	YDL097C	598	1526	565.0	0.3702	37.0	872.0	0.0	65.0	77.0	0.0084	2.1221	49.8311
YDL098C_mRNA	YDL098C	61	820	717.0	0.8744	77.0	95.0	0.0	0.0	4.0	0.8033	1.8525	37.0328
YDL099W_mRNA	YDL099W	122	1683	526.5	0.3128	48.0	616.0	0.0	511.0	529.0	0.0	1.8525	43.1557
YDL100C_mRNA	YDL100C	539	1266	500.0	0.3949	20.0	681.0	0.0167	43.0	76.0	0.0223	2.1763	38.8256
YDL101C_mRNA	YDL101C	79	1888	512.0	0.2712	30.9	1216.0	0.0253	150.1	186.0	0.0127	5.0253	60.8861
YDL102W_mRNA	YDL102W	83	3494	523.0	0.1497	1509.9	2924.0	0.012	0.0	3.0	0.6506	1.5181	47.0482
YDL103C_mRNA	YDL103C	157	1725	481.0	0.2788	33.6	1122.0	0.0064	91.2	115.0	0.0191	1.3439	44.9108
YDL104C_mRNA	YDL104C	20	1399	682.0	0.4875	27.55	481.5	0.05	3.8	64.0	0.1	2.05	65.35
YDL105W_mRNA	YDL105W	34	1790	425.0	0.2374	29.45	903.0	0.0294	386.0	420.0	0.0	2.8529	40.3235
YDL106C_mRNA	YDL106C	72	2114	428.5	0.2027	285.65	1660.0	0.0	0.0	7.0	0.7222	4.0	67.2361
YDL107W_mRNA	YDL107W	85	1331	597.0	0.4485	89.4	639.0	0.0235	51.0	59.0	0.0	3.3294	35.6824
YDL108W_mRNA	YDL108W	102	1303	682.5	0.5238	274.2	590.0	0.0	0.0	1.0	0.8922	2.1275	54.8333
YDL109C_mRNA	YDL109C	3	1944	1290.0	0.6636	0.0	0.0	0.6667	0.0	0.0	0.6667	20.3333	223.3333
YDL110C_mRNA	YDL110C	95	1430	497.0	0.3476	533.5	789.0	0.0105	0.0	7.0	0.5368	3.3684	46.6105
YDL111C_mRNA	YDL111C	202	1028	549.0	0.534	11.0	333.5	0.0099	64.35	95.0	0.0198	6.5594	43.0248
YDL112W_mRNA	YDL112W	274	4488	525.5	0.1171	1267.05	3906.5	0.0073	1.0	20.0	0.3942	2.1934	49.792
YDL113C_mRNA	YDL113C	167	2106	528.0	0.2507	158.3	1513.0	0.006	0.3	11.0	0.491	1.6228	44.2216
YDL114W-A_mRNA	YDL114W-A	1	1099	875.0	0.7962	29.0	29.0	0.0	195.0	195.0	0.0	7.0	13.0
YDL114W_mRNA	YDL114W	1	927	782.0	0.8436	145.0	145.0	0.0	0.0	0.0	1.0	3.0	191.0
YDL115C_mRNA	YDL115C	80	1231	434.0	0.3526	74.45	791.0	0.0	0.0	6.0	0.825	1.7375	38.0875
YDL116W_mRNA	YDL116W	235	2323	578.0	0.2488	37.4	1711.0	0.017	0.0	13.0	0.4128	1.4128	52.4894
YDL117W_mRNA	YDL117W	88	3118	359.0	0.1151	0.0	2139.0	0.0909	1.05	22.0	0.0795	11.75	40.7841
YDL119C_mRNA	YDL119C	96	1274	533.5	0.4188	101.0	648.5	0.0104	0.0	4.0	0.6458	7.3125	47.5521
YDL120W_mRNA	YDL120W	182	865	510.0	0.5896	16.1	230.5	0.011	44.05	95.0	0.0055	2.9725	47.8297
YDL121C_mRNA	YDL121C	401	710	564.0	0.7944	60.0	82.0	0.0025	0.0	12.0	0.4638	3.6708	48.8653
YDL122W_mRNA	YDL122W	50	3223	326.5	0.1013	0.9	536.5	0.08	0.0	2278.0	0.28	3.1	35.74
YDL123W_mRNA	YDL123W	287	1606	399.0	0.2484	33.0	278.0	0.0314	1.0	1063.0	0.1638	4.8328	44.453
YDL124W_mRNA	YDL124W	481	1148	732.0	0.6376	88.0	367.0	0.0	2.0	2.0	0.8233	3.3285	47.289
YDL125C_mRNA	YDL125C	769	859	544.0	0.6333	88.0	279.0	0.0	0.0	28.0	0.2874	3.9532	47.3901
YDL126C_mRNA	YDL126C	1211	2670	483.0	0.1809	188.0	2147.0	0.0017	2.0	37.0	0.1173	2.1742	46.1396
YDL127W_mRNA	YDL127W	36	1241	423.5	0.3413	0.0	712.5	0.1389	83.0	87.0	0.0	1.0	49.1389
YDL128W_mRNA	YDL128W	194	1559	501.0	0.3214	87.0	1033.0	0.0	0.0	14.0	0.3402	3.6031	46.9072
YDL129W_mRNA	YDL129W	26	1428	338.5	0.237	313.0	922.5	0.0385	3.0	26.0	0.1538	4.4615	64.6923
YDR001C_mRNA	YDR001C	318	2596	461.5	0.1778	48.05	2054.0	0.0409	0.0	32.5	0.3962	3.1761	55.6195
YDR002W_mRNA	YDR002W	3181	894	581.0	0.6499	63.0	288.0	0.0006	0.0	18.0	0.177	1.8673	43.2836
YDR003W-A_mRNA	YDR003W-A	168	1070	384.0	0.3589	0.0	482.0	0.1845	109.15	190.0	0.0238	19.5536	41.6012
YDR003W_mRNA	YDR003W	2	633	297.0	0.4692	9.4	76.0	0.5	104.3	260.0	0.0	31.0	8.0
YDR004W_mRNA	YDR004W	86	1685	577.5	0.3427	162.0	1083.5	0.0116	0.0	3.0	0.7791	6.4767	51.6512
YDR005C_mRNA	YDR005C	259	1610	742.0	0.4609	13.0	643.0	0.0502	85.8	141.0	0.0	3.8764	48.8996
YDR006C_mRNA	YDR006C	130	2961	498.0	0.1682	746.85	2388.5	0.0	0.0	6.0	0.7538	1.9615	48.5077
YDR007W_mRNA	YDR007W	41	1269	474.0	0.3735	109.0	505.0	0.0	223.0	301.0	0.0	1.4146	38.0
YDR008C_mRNA	YDR008C	7	1048	323.0	0.3082	231.9	698.0	0.0	0.0	3.0	0.5714	0.7143	57.1429
YDR009W_mRNA	YDR009W	5	1827	975.0	0.5337	697.0	809.0	0.0	6.0	43.0	0.2	0.6	89.6
YDR010C_mRNA	YDR010C	2	1133	477.0	0.421	229.25	339.5	0.0	234.15	316.5	0.0	0.0	48.0
YDR011W_mRNA	YDR011W	401	5476	437.0	0.0798	1961.0	4990.0	0.0	1.0	10.0	0.5586	3.1372	47.1596
YDR012W_mRNA	YDR012W	1949	1475	786.0	0.5329	54.0	402.0	0.0087	225.0	230.0	0.0031	5.8297	54.4777
YDR013W_mRNA	YDR013W	90	809	695.5	0.8597	9.0	29.0	0.2556	72.0	77.0	0.0111	2.2556	48.1444
YDR014W_mRNA	YDR014W	73	2473	635.0	0.2568	96.2	1566.0	0.0137	0.0	120.0	0.3014	6.4795	83.2603
YDR016C_mRNA	YDR016C	96	569	404.5	0.7109	0.0	18.5	0.3229	56.0	149.5	0.0104	2.0417	32.7812
YDR017C_mRNA	YDR017C	104	3361	389.0	0.1157	265.95	2795.0	0.0288	0.0	4.0	0.6827	5.8846	45.3846
YDR018C_mRNA	YDR018C	9	1451	471.0	0.3246	158.6	972.0	0.0	0.0	8.0	0.5556	3.1111	58.2222
YDR019C_mRNA	YDR019C	104	2477	508.5	0.2053	92.25	913.0	0.0288	136.0	1296.5	0.0	4.7981	42.7115
YDR020C_mRNA	YDR020C	59	1257	659.0	0.5243	14.8	85.0	0.0339	10.8	20.0	0.0508	1.7458	40.678
YDR021W_mRNA	YDR021W	61	1542	507.0	0.3288	224.0	984.0	0.0	0.0	4.0	0.8525	2.1803	67.5082
YDR022C_mRNA	YDR022C	25	813	492.0	0.6052	0.0	47.0	0.36	42.6	87.0	0.0	45.84	41.92
YDR023W_mRNA	YDR023W	1973	1613	1328.0	0.8233	19.6	232.0	0.0076	15.0	37.0	0.0147	2.3771	46.0831
YDR024W_mRNA	YDR024W	717	1495	444.0	0.297	76.6	517.0	0.0126	506.0	525.0	0.0	3.4812	43.9344
YDR025W_mRNA	YDR025W	4372	819	558.0	0.6813	25.0	39.0	0.0117	199.0	219.0	0.0002	2.1651	42.2011
YDR026C_mRNA	YDR026C	65	2092	525.0	0.251	13.0	1433.0	0.0615	0.0	130.0	0.1692	3.5846	44.8923
YDR027C_mRNA	YDR027C	109	2997	631.0	0.2105	697.4	1944.0	0.0	21.0	36.0	0.0275	1.9266	41.4128
YDR028C_mRNA	YDR028C	152	3832	366.5	0.0956	1701.4	3436.0	0.0066	0.0	18.0	0.2566	2.8553	39.9539
YDR030C_mRNA	YDR030C	40	1689	352.0	0.2084	227.15	1254.5	0.0	2.85	86.0	0.1	5.525	44.0
YDR031W_mRNA	YDR031W	184	643	483.5	0.7519	108.0	151.5	0.0	0.0	0.0	0.9022	1.8478	47.9457
YDR032C_mRNA	YDR032C	477	944	756.0	0.8008	48.0	108.0	0.0168	44.0	80.0	0.0084	4.3899	39.5723
YDR033W_mRNA	YDR033W	3320	2086	646.5	0.3099	408.0	1384.0	0.0012	0.0	36.0	0.2108	3.3633	51.8036
YDR034C-C_mRNA	YDR034C-C	11	1317	310.0	0.2354	434.5	717.0	0.0	102.0	301.0	0.0	0.5455	57.6364
YDR034C-D_mRNA	YDR034C-D	88	5313	740.0	0.1393	4.2	1619.0	0.0568	0.0	2728.5	0.2614	8.9318	157.25
YDR034C_mRNA	YDR034C	180	2817	559.0	0.1984	198.85	1990.5	0.0167	6.0	215.0	0.0778	8.1611	40.0333
YDR034W-B_mRNA	YDR034W-B	252	496	337.0	0.6794	11.0	58.0	0.0397	4.1	72.0	0.1111	2.2262	51.2183
YDR035W_mRNA	YDR035W	557	1475	461.0	0.3125	107.6	987.0	0.0036	0.0	18.0	0.3914	1.9892	45.4865
YDR036C_mRNA	YDR036C	70	1717	866.5	0.5047	22.9	845.5	0.0	1.0	6.0	0.7571	1.9429	59.1286
YDR037W_mRNA	YDR037W	1901	2091	473.0	0.2262	59.0	1455.0	0.0042	136.0	157.0	0.0005	3.7217	41.0521
YDR038C_mRNA	YDR038C	63	3557	699.0	0.1965	441.4	2780.0	0.0159	0.0	46.0	0.2381	2.2698	49.8413
YDR039C_mRNA	YDR039C	67	3543	343.0	0.0968	73.5	3183.0	0.0149	0.0	6.0	0.5373	9.2388	63.209
YDR040C_mRNA	YDR040C	138	3637	749.0	0.2059	1169.2	2854.0	0.0	0.0	12.0	0.4855	5.3188	50.5
YDR041W_mRNA	YDR041W	248	932	630.0	0.676	12.0	141.0	0.0444	107.0	123.0	0.0081	3.3508	45.1653
YDR042C_mRNA	YDR042C	128	1315	243.5	0.1852	46.0	116.5	0.0078	5.35	948.5	0.1328	2.6719	51.7109
YDR043C_mRNA	YDR043C	89	1014	439.0	0.4329	27.0	567.0	0.0	0.0	6.0	0.8427	3.764	53.4045
YDR044W_mRNA	YDR044W	216	1393	649.5	0.4663	194.75	700.5	0.0046	0.0	5.0	0.5463	3.9907	43.7824
YDR045C_mRNA	YDR045C	457	808	639.0	0.7908	15.8	47.0	0.0263	18.4	107.0	0.0372	2.0569	49.5602
YDR046C_mRNA	YDR046C	534	2657	509.0	0.1916	599.0	1947.5	0.0	28.0	90.0	0.0169	2.2528	43.9738
YDR047W_mRNA	YDR047W	219	1709	478.0	0.2797	46.6	1036.0	0.0228	52.9	72.0	0.0137	4.9954	39.3105
YDR048C_mRNA	YDR048C	6	315	227.0	0.7206	39.5	86.0	0.0	0.0	0.0	1.0	1.8333	145.3333
YDR049W_mRNA	YDR049W	30	2107	607.5	0.2883	69.05	1494.0	0.0	0.0	10.0	0.5	2.9333	60.1
YDR050C_mRNA	YDR050C	8290	1096	597.0	0.5447	12.0	237.0	0.0158	229.0	238.0	0.0006	2.3439	45.4748
YDR051C_mRNA	YDR051C	198	1151	703.5	0.6112	7.0	382.5	0.197	40.0	46.0	0.0051	2.0152	39.6263
YDR052C_mRNA	YDR052C	90	2513	498.5	0.1984	36.45	1895.5	0.0	0.0	6.5	0.5889	2.0667	61.0
YDR054C_mRNA	YDR054C	189	1564	473.0	0.3024	309.2	1000.0	0.0	0.0	17.0	0.3598	1.8148	43.3651
YDR055W_mRNA	YDR055W	292	1787	563.5	0.3153	242.0	1167.5	0.0068	0.0	15.0	0.2637	3.3767	53.0856
YDR056C_mRNA	YDR056C	334	892	688.5	0.7719	48.65	104.0	0.003	44.95	60.0	0.018	2.3383	43.2934
YDR057W_mRNA	YDR057W	40	1846	382.0	0.2069	71.25	1391.5	0.025	0.0	74.0	0.1	1.475	42.775
YDR058C_mRNA	YDR058C	39	1234	510.0	0.4133	38.3	673.0	0.0	15.0	25.0	0.0513	1.9487	37.4872
YDR059C_mRNA	YDR059C	89	1140	527.0	0.4623	520.0	608.0	0.0	0.0	18.0	0.3034	11.3258	48.8427
YDR060W_mRNA	YDR060W	175	3387	342.0	0.101	567.1	3026.0	0.0	0.0	16.0	0.3943	1.9086	70.1486
YDR061W_mRNA	YDR061W	162	2096	341.0	0.1627	0.0	919.5	0.216	0.0	32.0	0.1605	35.2222	45.5309
YDR062W_mRNA	YDR062W	289	2370	881.0	0.3717	27.0	1343.0	0.0346	0.0	11.0	0.4948	1.7889	51.2803
YDR063W_mRNA	YDR063W	322	1665	511.5	0.3072	173.1	667.5	0.0062	0.0	733.0	0.2826	2.2795	42.2919
YDR064W_mRNA	YDR064W	7727	801	538.0	0.6717	65.0	80.0	0.0014	154.0	178.0	0.0003	11.6075	37.1215
YDR065W_mRNA	YDR065W	63	3128	739.0	0.2363	127.5	1030.0	0.0	677.2	1468.0	0.0	1.8095	52.6667
YDR066C_mRNA	YDR066C	31	949	628.0	0.6617	100.0	247.0	0.0	3.0	15.0	0.3548	2.0323	50.2581
YDR067C_mRNA	YDR067C	53	841	745.0	0.8859	10.8	56.0	0.0566	1.0	14.0	0.2075	2.4906	44.9811
YDR068W_mRNA	YDR068W	46	1175	892.5	0.7596	5.0	186.0	0.087	16.0	103.0	0.0435	1.1739	45.0652
YDR069C_mRNA	YDR069C	56	3148	565.5	0.1796	17.75	2369.0	0.0536	0.0	23.0	0.4821	2.6607	45.6429
YDR070C_mRNA	YDR070C	28	614	365.5	0.5953	9.4	133.0	0.0714	2.0	7.5	0.6429	1.9286	39.3929
YDR071C_mRNA	YDR071C	1592	828	669.0	0.808	35.0	132.0	0.0006	1.0	21.0	0.0835	2.2023	35.4843
YDR072C_mRNA	YDR072C	243	1911	406.0	0.2125	106.2	1408.0	0.0041	0.0	4.0	0.5967	4.9342	50.2634
YDR073W_mRNA	YDR073W	141	1045	455.0	0.4354	32.0	220.0	0.0071	0.0	436.0	0.2979	9.8511	42.4326
YDR074W_mRNA	YDR074W	364	3072	522.0	0.1699	485.8	2482.0	0.0082	5.0	41.5	0.1374	3.7308	46.4918
YDR075W_mRNA	YDR075W	78	1274	838.0	0.6578	9.7	433.0	0.0769	0.0	13.0	0.3974	2.2436	58.8462
YDR076W_mRNA	YDR076W	15	1264	449.0	0.3552	0.0	39.0	0.4667	0.0	719.0	0.2	6.0667	94.8
YDR077W_mRNA	YDR077W	3158	2731	548.0	0.2007	1356.0	2151.0	0.0009	3.0	8.0	0.5301	3.8106	53.9915
YDR078C_mRNA	YDR078C	52	901	293.0	0.3252	0.0	35.0	0.3846	27.0	471.5	0.0	64.5	45.0769
YDR079C-A_mRNA	YDR079C-A	167	594	413.0	0.6953	109.0	151.0	0.0	0.0	12.0	0.485	1.4611	41.4192
YDR079W_mRNA	YDR079W	168	670	467.0	0.697	9.0	33.0	0.1845	11.0	114.0	0.0476	2.5536	30.2083
YDR080W_mRNA	YDR080W	112	3500	760.0	0.2171	890.8	2560.5	0.0	0.0	18.0	0.3661	1.3839	87.8839
YDR081C_mRNA	YDR081C	62	2900	470.0	0.1621	40.2	2178.0	0.0	0.0	6.0	0.7097	1.0161	81.7097
YDR082W_mRNA	YDR082W	32	1747	960.0	0.5495	35.0	700.5	0.0	0.0	6.0	0.625	1.25	53.875
YDR083W_mRNA	YDR083W	50	2063	525.5	0.2547	320.95	1165.0	0.0	3.35	33.0	0.12	8.22	41.52
YDR084C_mRNA	YDR084C	198	2074	654.0	0.3153	6.7	161.5	0.0657	1167.0	1272.0	0.0	4.5253	46.2071
YDR085C_mRNA	YDR085C	94	2063	475.5	0.2305	27.45	1555.5	0.0532	0.0	9.0	0.617	2.5106	51.117
YDR086C_mRNA	YDR086C	2343	999	465.0	0.4655	0.0	9.0	0.5792	498.0	521.0	0.0017	13.4934	36.6355
YDR087C_mRNA	YDR087C	178	1542	572.5	0.3713	184.25	736.0	0.0169	25.0	58.0	0.0112	2.0	34.7191
YDR088C_mRNA	YDR088C	43	1524	673.0	0.4416	22.0	846.0	0.0	0.1	8.0	0.6744	1.0233	59.6744
YDR089W_mRNA	YDR089W	68	3202	443.0	0.1384	337.15	2665.0	0.0294	0.0	5.0	0.7353	3.0294	58.5294
YDR090C_mRNA	YDR090C	145	1427	557.0	0.3903	34.0	781.0	0.0	7.2	33.0	0.069	3.6759	52.5034
YDR091C_mRNA	YDR091C	436	2276	578.0	0.254	62.75	1669.5	0.0023	0.0	7.0	0.8188	3.3968	47.0482
YDR092W_mRNA	YDR092W	116	974	550.0	0.5647	350.75	404.5	0.0	1.0	9.0	0.681	7.9828	40.4655
YDR093W_mRNA	YDR093W	55	5189	402.0	0.0775	1751.5	4758.0	0.0	0.0	3.0	0.8	1.9818	36.5636
YDR094W_mRNA	YDR094W	41	3563	431.0	0.121	1087.0	3014.0	0.0	1.0	3.0	0.7561	7.7561	45.7317
YDR096W_mRNA	YDR096W	144	3250	508.0	0.1563	346.4	2716.0	0.0278	0.0	16.0	0.4722	5.375	68.0486
YDR097C_mRNA	YDR097C	95	3890	572.0	0.147	1583.7	3274.0	0.0	0.0	18.0	0.3789	2.3368	50.4105
YDR098C-A_mRNA	YDR098C-A	1	1323	712.0	0.5382	0.0	0.0	1.0	611.0	611.0	0.0	40.0	2.0
YDR098C-B_mRNA	YDR098C-B	199	5268	2050.0	0.3891	64.8	2538.0	0.0503	0.0	17.0	0.4774	4.7136	218.0151
YDR098C_mRNA	YDR098C	409	1096	535.0	0.4881	7.0	316.0	0.1076	71.0	247.0	0.0073	1.7702	42.7188
YDR099W_mRNA	YDR099W	851	1398	972.0	0.6953	153.5	257.0	0.0	5.0	126.0	0.0717	52.9448	53.7074
YDR100W_mRNA	YDR100W	350	1595	417.5	0.2618	58.35	390.0	0.0143	5.0	923.0	0.1257	6.08	45.4943
YDR101C_mRNA	YDR101C	500	1972	552.5	0.2802	59.0	1394.0	0.002	0.0	18.0	0.402	2.66	47.41
YDR102C_mRNA	YDR102C	4	333	137.0	0.4114	0.0	0.0	1.0	139.45	193.0	0.0	104.5	31.5
YDR103W_mRNA	YDR103W	127	2843	534.0	0.1878	931.7	2266.0	0.0079	0.0	1.0	0.8189	2.2362	44.6929
YDR104C_mRNA	YDR104C	37	4179	469.0	0.1122	2557.0	3618.0	0.0	0.0	87.0	0.4054	2.5135	51.8378
YDR105C_mRNA	YDR105C	58	1751	522.0	0.2981	190.7	1220.0	0.0172	0.0	2.0	0.7586	8.7414	58.6897
YDR106W_mRNA	YDR106W	9	927	296.0	0.3193	4.0	614.0	0.2222	3.0	11.0	0.4444	13.5556	58.6667
YDR107C_mRNA	YDR107C	19	2540	455.0	0.1791	325.0	1933.0	0.0	7.7	152.0	0.1053	4.9474	51.4211
YDR108W_mRNA	YDR108W	58	2255	521.0	0.231	36.85	1685.5	0.0	0.0	8.0	0.569	1.931	39.7931
YDR109C_mRNA	YDR109C	22	2554	537.5	0.2105	792.65	2005.5	0.0	0.0	6.0	0.5455	1.7273	45.5
YDR110W_mRNA	YDR110W	36	1963	866.0	0.4412	9.75	1033.5	0.0556	0.0	2.5	0.6667	3.6667	50.4722
YDR111C_mRNA	YDR111C	87	2214	434.0	0.196	44.4	1529.0	0.0345	62.6	287.0	0.0345	3.6667	51.3678
YDR113C_mRNA	YDR113C	18	1531	929.0	0.6068	216.4	305.5	0.0	0.0	0.0	0.7778	1.2222	33.2778
YDR115W_mRNA	YDR115W	360	713	444.0	0.6227	12.0	49.0	0.0111	116.0	223.0	0.0056	2.5556	38.0389
YDR116C_mRNA	YDR116C	144	1047	551.0	0.5263	50.15	476.0	0.0	0.0	7.0	0.6181	2.2292	52.1806
YDR117C_mRNA	YDR117C	86	2011	479.0	0.2382	32.25	1297.0	0.0116	67.5	218.0	0.0	2.1279	39.0349
YDR118W-A_mRNA	YDR118W-A	16	1651	476.0	0.2883	200.5	949.0	0.0	0.0	47.5	0.25	1.5625	72.4375
YDR118W_mRNA	YDR118W	30	2094	789.0	0.3768	2.45	109.0	0.2	1.0	650.5	0.1667	4.2333	56.8667
YDR119W-A_mRNA	YDR119W-A	181	567	460.0	0.8113	6.0	21.0	0.2155	52.0	75.0	0.0055	2.7403	35.4309
YDR119W_mRNA	YDR119W	205	2490	621.0	0.2494	35.0	1733.0	0.0049	13.0	33.0	0.0488	2.9317	52.6341
YDR120C_mRNA	YDR120C	173	1924	491.0	0.2552	43.0	1410.0	0.0	0.0	4.0	0.7283	2.9075	48.7977
YDR121W_mRNA	YDR121W	12	857	317.5	0.3705	126.5	537.0	0.0	0.0	5.0	0.75	1.5833	37.0
YDR122W_mRNA	YDR122W	132	3669	581.0	0.1584	1610.45	3045.0	0.0076	0.55	17.0	0.2879	2.2121	39.7652
YDR123C_mRNA	YDR123C	121	1808	528.0	0.292	167.0	1154.0	0.0083	33.0	114.0	0.0248	1.8512	44.1736
YDR124W_mRNA	YDR124W	34	1897	370.0	0.195	37.0	288.5	0.0	0.0	1229.0	0.2647	1.9118	40.5294
YDR125C_mRNA	YDR125C	25	2374	692.0	0.2915	0.4	293.0	0.16	123.0	1483.0	0.08	20.44	73.52
YDR126W_mRNA	YDR126W	26	1482	323.5	0.2183	99.5	544.0	0.0385	13.75	42.0	0.0385	6.4615	41.2692
YDR127W_mRNA	YDR127W	617	5539	509.0	0.0919	604.0	4784.0	0.0	0.0	50.0	0.2788	1.9562	53.141
YDR128W_mRNA	YDR128W	104	3611	421.0	0.1166	968.75	3156.0	0.0096	0.0	6.0	0.7692	1.5577	67.8269
YDR129C_mRNA	YDR129C	744	2713	620.0	0.2285	610.15	2055.5	0.0013	0.0	4.0	0.664	2.1788	51.8051
YDR130C_mRNA	YDR130C	45	1212	701.0	0.5784	13.0	390.0	0.0444	29.6	171.0	0.0	1.4	50.7111
YDR131C_mRNA	YDR131C	46	1851	341.5	0.1845	52.5	1340.5	0.0	0.0	5.0	0.6304	1.8913	46.3696
YDR132C_mRNA	YDR132C	70	1807	398.0	0.2203	94.9	1388.5	0.0143	0.0	2.0	0.8429	1.2286	59.1857
YDR133C_mRNA	YDR133C	1603	989	520.0	0.5258	306.1	460.0	0.0019	0.0	1.0	0.6937	4.6893	100.9152
YDR134C_mRNA	YDR134C	1	411	257.0	0.6253	36.0	36.0	0.0	118.0	118.0	0.0	0.0	2.0
YDR135C_mRNA	YDR135C	419	4731	459.0	0.097	480.6	4170.0	0.0024	0.0	13.0	0.4344	3.3699	49.6372
YDR137W_mRNA	YDR137W	134	2226	548.0	0.2462	25.65	1637.0	0.0075	0.0	1.0	0.7313	2.8358	44.2164
YDR138W_mRNA	YDR138W	147	3066	489.0	0.1595	158.3	2289.0	0.0	0.0	4.0	0.6463	3.4626	50.2449
YDR139C_mRNA	YDR139C	582	744	414.0	0.5565	296.1	326.0	0.0	0.0	1.0	0.8574	2.5928	36.7251
YDR140W_mRNA	YDR140W	71	1383	504.0	0.3644	496.5	707.0	0.0282	27.5	95.0	0.0282	3.2958	52.338
YDR141C_mRNA	YDR141C	161	5551	582.0	0.1048	2009.0	4770.0	0.0	0.0	185.0	0.0994	1.9814	42.3851
YDR142C_mRNA	YDR142C	59	1470	497.0	0.3381	50.0	850.0	0.0169	0.0	61.0	0.2712	2.5932	48.0339
YDR143C_mRNA	YDR143C	57	2199	616.0	0.2801	37.0	1276.0	0.0	1.0	20.0	0.2281	2.9474	42.2982
YDR144C_mRNA	YDR144C	165	2330	511.0	0.2193	25.2	1462.0	0.0	162.4	276.0	0.0121	1.7758	46.4121
YDR145W_mRNA	YDR145W	193	1908	489.0	0.2563	54.0	1350.0	0.0	3.0	72.0	0.0777	2.4197	49.9585
YDR146C_mRNA	YDR146C	37	2459	472.0	0.1919	897.8	1978.0	0.0	0.0	2.0	0.6757	1.5946	34.3784
YDR147W_mRNA	YDR147W	62	2090	521.0	0.2493	246.4	1254.0	0.0	0.0	12.0	0.4516	2.4516	64.2258
YDR148C_mRNA	YDR148C	274	1928	461.5	0.2394	25.65	1170.0	0.0073	0.0	149.0	0.2153	2.1314	44.4124
YDR150W_mRNA	YDR150W	115	8320	354.0	0.0425	4300.7	7897.0	0.0	9.8	23.0	0.0522	1.713	35.7565
YDR151C_mRNA	YDR151C	237	1469	643.0	0.4377	81.4	613.0	0.0	48.4	132.0	0.0169	2.7932	52.211
YDR152W_mRNA	YDR152W	82	1091	447.5	0.4102	180.55	637.5	0.0	0.0	1.0	0.7073	1.4634	52.5732
YDR153C_mRNA	YDR153C	115	1613	577.0	0.3577	7.4	829.0	0.0957	28.2	135.0	0.0348	3.1043	43.9913
YDR154C_mRNA	YDR154C	3417	735	607.0	0.8259	32.0	71.0	0.0044	41.0	54.0	0.0155	2.8232	48.7504
YDR155C_mRNA	YDR155C	1836	738	607.0	0.8225	89.0	127.0	0.0	0.0	0.0	0.8638	2.2712	44.9488
YDR156W_mRNA	YDR156W	107	1376	527.0	0.383	751.7	845.0	0.0	0.0	1.0	0.8879	3.0935	46.5514
YDR157W_mRNA	YDR157W	159	1825	516.0	0.2827	6.9	50.0	0.0755	254.1	1269.0	0.0126	2.2327	38.3082
YDR158W_mRNA	YDR158W	2601	1384	503.0	0.3634	36.0	775.0	0.0	58.0	101.0	0.0019	2.4691	46.722
YDR159W_mRNA	YDR159W	56	4160	343.0	0.0825	1053.25	3716.0	0.0	0.0	30.0	0.2321	3.25	47.9464
YDR160W_mRNA	YDR160W	41	2801	445.0	0.1589	0.0	1262.0	0.3171	0.0	43.0	0.3171	43.561	38.5366
YDR161W_mRNA	YDR161W	219	1433	592.0	0.4131	21.0	653.0	0.0365	35.0	141.0	0.0046	2.2877	42.7032
YDR162C_mRNA	YDR162C	74	1228	473.5	0.3856	188.0	715.5	0.0135	0.0	15.5	0.2568	2.4595	36.5946
YDR163W_mRNA	YDR163W	80	695	481.0	0.6921	0.0	156.5	0.1625	0.0	38.0	0.375	15.25	41.375
YDR164C_mRNA	YDR164C	73	2396	514.0	0.2145	22.4	1728.0	0.0274	1.8	55.0	0.1781	4.411	46.6575
YDR165W_mRNA	YDR165W	374	2027	484.0	0.2388	10.0	972.5	0.0535	513.3	569.0	0.0053	3.6524	45.9305
YDR166C_mRNA	YDR166C	88	3073	727.0	0.2366	8.2	2093.0	0.0568	0.7	8.5	0.5341	2.9545	63.5227
YDR167W_mRNA	YDR167W	309	812	674.0	0.83	67.0	130.0	0.0	0.0	6.0	0.6311	1.822	46.3948
YDR168W_mRNA	YDR168W	576	1832	858.0	0.4683	24.0	811.0	0.0226	59.0	146.0	0.0347	1.6181	43.9028
YDR169C_mRNA	YDR169C	68	2153	486.5	0.226	542.9	1627.0	0.0147	0.0	6.0	0.8088	3.1029	117.2941
YDR170C_mRNA	YDR170C	561	6891	581.0	0.0843	3674.0	6236.0	0.0	0.0	20.0	0.2068	4.2692	47.2068
YDR170W-A_mRNA	YDR170W-A	8	1323	339.0	0.2562	0.0	698.0	0.25	42.35	225.0	0.125	8.375	90.625
YDR171W_mRNA	YDR171W	2481	1297	668.0	0.515	16.0	595.0	0.0069	0.0	7.0	0.6651	2.7924	41.9186
YDR172W_mRNA	YDR172W	893	2301	498.0	0.2164	417.4	1783.0	0.0011	0.0	9.0	0.5532	2.7021	50.916
YDR173C_mRNA	YDR173C	36	1270	426.0	0.3354	12.75	787.0	0.0278	3.0	21.0	0.25	3.1389	47.75
YDR174W_mRNA	YDR174W	497	1138	823.0	0.7232	2.0	94.0	0.2857	145.0	209.0	0.0101	3.0101	41.0382
YDR175C_mRNA	YDR175C	64	1553	711.0	0.4578	434.15	808.0	0.0	0.0	1.0	0.7969	1.5469	69.3906
YDR176W_mRNA	YDR176W	118	2474	447.5	0.1809	247.05	1751.5	0.0254	205.7	267.5	0.0339	2.6525	46.4068
YDR177W_mRNA	YDR177W	469	917	784.0	0.855	8.0	68.0	0.064	9.4	44.0	0.064	1.661	40.2367
YDR178W_mRNA	YDR178W	168	936	660.0	0.7051	94.0	217.0	0.0	1.0	14.5	0.4464	3.5298	52.7024
YDR179C_mRNA	YDR179C	46	672	580.0	0.8631	18.0	51.0	0.0	9.5	29.5	0.0652	1.0435	45.9565
YDR179W-A_mRNA	YDR179W-A	97	1645	433.0	0.2632	6.8	1090.0	0.0825	5.0	107.0	0.1134	2.6392	37.567
YDR180W_mRNA	YDR180W	65	4885	558.0	0.1142	245.0	4220.0	0.0154	1.6	12.0	0.3385	5.7231	44.9077
YDR181C_mRNA	YDR181C	111	1690	560.0	0.3314	45.5	1090.0	0.027	5.5	54.0	0.0991	2.7477	59.8018
YDR182W-A_mRNA	YDR182W-A	72	1675	321.5	0.1919	213.4	1033.0	0.0278	22.0	273.0	0.0417	5.5833	54.2222
YDR182W_mRNA	YDR182W	113	1670	508.0	0.3042	1.0	1094.0	0.115	19.0	44.0	0.0265	2.1504	50.8053
YDR183C-A_mRNA	YDR183C-A	67	1170	465.0	0.3974	30.0	677.0	0.0149	0.0	11.0	0.4925	2.0149	41.8806
YDR183W_mRNA	YDR183W	95	1162	659.0	0.5671	298.3	453.0	0.0105	0.0	4.0	0.7474	3.4947	61.1053
YDR184C_mRNA	YDR184C	41	1176	588.0	0.5	0.0	520.0	0.0732	0.0	21.0	0.4634	9.4634	50.7805
YDR185C_mRNA	YDR185C	91	865	718.0	0.8301	0.0	65.0	0.1319	13.0	28.0	0.0	6.033	44.0
YDR186C_mRNA	YDR186C	114	2790	495.5	0.1776	1319.15	2294.5	0.0088	0.0	1.0	0.7719	1.9211	50.6667
YDR188W_mRNA	YDR188W	436	2299	507.0	0.2205	458.5	1759.5	0.0	1.0	4.0	0.7408	2.9587	42.9977
YDR189W_mRNA	YDR189W	203	2169	662.0	0.3052	34.1	1479.0	0.0	1.0	3.0	0.6305	1.5764	47.2167
YDR190C_mRNA	YDR190C	622	1741	677.0	0.3889	16.0	841.0	0.037	88.0	218.0	0.0064	2.4421	48.2556
YDR191W_mRNA	YDR191W	30	1265	358.5	0.2834	134.1	905.0	0.0	0.0	3.0	0.8333	1.1667	36.5667
YDR192C_mRNA	YDR192C	31	1463	699.0	0.4778	47.0	760.0	0.0	0.0	4.0	0.871	2.9032	52.2258
YDR194C_mRNA	YDR194C	488	2175	665.5	0.306	16.0	1461.5	0.0061	3.0	8.0	0.7807	3.4898	46.0246
YDR195W_mRNA	YDR195W	62	1934	698.5	0.3612	27.05	708.0	0.0161	0.0	4.0	0.629	2.0645	46.5484
YDR196C_mRNA	YDR196C	190	995	632.0	0.6352	21.35	220.5	0.0211	68.45	151.0	0.0158	2.6316	49.0053
YDR197W_mRNA	YDR197W	64	1573	528.5	0.336	33.65	677.0	0.0	239.3	326.0	0.0	1.9844	38.8906
YDR198C_mRNA	YDR198C	78	1640	584.0	0.3561	38.85	996.5	0.0128	0.0	108.0	0.2436	1.2564	44.0128
YDR200C_mRNA	YDR200C	110	2019	702.5	0.3479	14.45	1280.0	0.0455	0.0	4.0	0.8727	2.7545	49.6364
YDR201W_mRNA	YDR201W	52	933	456.0	0.4887	10.1	280.5	0.0577	160.0	270.0	0.0	2.5577	49.0769
YDR202C_mRNA	YDR202C	92	1242	698.0	0.562	3.55	436.0	0.0978	23.1	96.5	0.0	2.3152	48.5217
YDR204W_mRNA	YDR204W	86	1301	495.0	0.3805	3.25	526.5	0.1163	130.0	139.0	0.0	3.2209	37.5
YDR205W_mRNA	YDR205W	29	2299	509.0	0.2214	22.2	820.0	0.0345	0.0	40.0	0.3103	5.6207	52.2069
YDR206W_mRNA	YDR206W	122	3200	517.5	0.1617	3.45	2575.0	0.0574	0.0	3.0	0.582	3.1803	54.0246
YDR207C_mRNA	YDR207C	57	2757	575.0	0.2086	775.2	2161.0	0.0	0.0	4.0	0.7544	2.9298	46.5614
YDR208W_mRNA	YDR208W	105	2663	570.0	0.214	595.6	2045.0	0.0	0.0	16.0	0.4095	2.219	47.2952
YDR210C-C_mRNA	YDR210C-C	1	1323	693.0	0.5238	0.0	0.0	1.0	630.0	630.0	0.0	39.0	69.0
YDR210C-D_mRNA	YDR210C-D	239	5268	1094.0	0.2077	795.8	3444.0	0.0251	0.0	25.0	0.4644	9.1506	196.4854
YDR210W-A_mRNA	YDR210W-A	9	1317	318.0	0.2415	0.4	681.0	0.2222	97.6	310.0	0.0	8.8889	36.0
YDR210W-B_mRNA	YDR210W-B	59	5313	510.0	0.096	596.7	3788.0	0.0169	0.0	599.0	0.2712	2.8983	119.8305
YDR210W_mRNA	YDR210W	1039	894	454.0	0.5078	235.0	264.0	0.001	0.0	68.0	0.3715	1.846	51.5496
YDR211W_mRNA	YDR211W	351	2566	643.0	0.2506	77.5	1690.0	0.0057	151.5	187.0	0.0	2.0028	43.7721
YDR212W_mRNA	YDR212W	561	2494	529.0	0.2121	17.0	1302.0	0.0285	650.0	656.0	0.0	1.9786	47.3209
YDR213W_mRNA	YDR213W	46	3276	456.5	0.1393	1312.25	2690.0	0.0	0.0	70.0	0.2391	2.0	39.3913
YDR214W_mRNA	YDR214W	598	1289	653.5	0.507	25.7	431.0	0.0017	0.0	15.5	0.4632	1.9649	51.3445
YDR215C_mRNA	YDR215C	1	414	220.0	0.5314	194.0	194.0	0.0	0.0	0.0	1.0	0.0	156.0
YDR216W_mRNA	YDR216W	80	4784	565.5	0.1182	27.05	3084.5	0.05	0.0	6.0	0.5375	4.875	98.2875
YDR217C_mRNA	YDR217C	103	4201	573.0	0.1364	2124.1	3608.0	0.0	0.0	21.0	0.4272	2.301	49.4951
YDR218C_mRNA	YDR218C	8	1528	337.0	0.2205	396.9	1137.5	0.125	3.35	16.5	0.375	16.0	45.0
YDR219C_mRNA	YDR219C	68	1857	514.5	0.2771	68.55	1336.0	0.0	0.0	0.0	0.9265	1.3382	49.5882
YDR221W_mRNA	YDR221W	55	2660	624.0	0.2346	34.6	1765.0	0.0182	0.0	332.0	0.4364	2.0364	54.2182
YDR222W_mRNA	YDR222W	132	1673	900.5	0.5383	140.05	507.0	0.0152	0.0	3.0	0.7197	3.6061	59.2576
YDR223W_mRNA	YDR223W	11	2100	753.0	0.3586	38.0	897.0	0.0909	14.0	102.0	0.0909	28.9091	55.1818
YDR224C_mRNA	YDR224C	3415	653	504.0	0.7718	87.0	110.0	0.0085	10.0	27.0	0.2442	2.9113	41.0243
YDR225W_mRNA	YDR225W	5825	1250	607.0	0.4856	629.0	640.0	0.0	0.0	0.0	0.8676	3.0021	50.7433
YDR226W_mRNA	YDR226W	1174	1074	762.0	0.7095	239.0	282.0	0.0017	0.0	1.0	0.8296	2.8066	54.121
YDR227W_mRNA	YDR227W	85	4369	472.0	0.108	2275.4	3897.0	0.0	0.0	4.0	0.8118	2.7529	72.7059
YDR228C_mRNA	YDR228C	87	2045	472.0	0.2308	13.0	1339.0	0.0345	0.0	5.0	0.6897	15.3793	40.3333
YDR229W_mRNA	YDR229W	39	1566	552.0	0.3525	52.0	1002.0	0.0	0.0	8.0	0.7692	2.7949	36.2051
YDR231C_mRNA	YDR231C	60	938	515.5	0.5496	0.95	257.0	0.1167	58.45	129.5	0.05	6.5833	25.3333
YDR232W_mRNA	YDR232W	221	2325	495.0	0.2129	378.0	1568.0	0.0045	215.0	254.0	0.0	3.6018	41.4027
YDR233C_mRNA	YDR233C	832	1325	858.5	0.6479	238.55	392.0	0.0	0.0	4.0	0.5901	4.0625	54.0132
YDR234W_mRNA	YDR234W	349	2757	489.0	0.1774	357.0	2114.0	0.0115	48.0	60.0	0.0029	3.3983	44.5473
YDR235W_mRNA	YDR235W	179	1742	662.0	0.38	11.0	1047.0	0.0335	1.0	13.0	0.4469	2.4916	43.933
YDR236C_mRNA	YDR236C	215	1207	690.0	0.5717	290.7	490.0	0.0047	0.0	1.0	0.8977	2.1349	56.0465
YDR237W_mRNA	YDR237W	136	1308	664.0	0.5076	11.0	505.5	0.0221	40.25	164.5	0.0294	2.1324	36.9632
YDR238C_mRNA	YDR238C	471	3321	480.0	0.1445	225.5	2648.0	0.0	10.5	156.0	0.051	3.6093	41.6242
YDR239C_mRNA	YDR239C	55	2640	384.0	0.1455	226.4	2214.0	0.0	0.0	9.0	0.5455	2.0182	41.4909
YDR240C_mRNA	YDR240C	56	1591	534.5	0.336	47.0	1033.5	0.0	0.0	3.0	0.75	1.3214	50.0714
YDR241W_mRNA	YDR241W	155	891	471.0	0.5286	364.0	411.0	0.0	0.0	1.0	0.7161	10.0194	104.2903
YDR242W_mRNA	YDR242W	67	1862	738.0	0.3963	39.0	1095.0	0.0299	0.0	8.0	0.6418	4.5224	68.7164
YDR243C_mRNA	YDR243C	56	1861	794.5	0.4269	12.0	1045.0	0.0357	0.75	45.0	0.125	3.4286	87.7143
YDR244W_mRNA	YDR244W	71	2061	458.0	0.2222	545.0	1559.0	0.0	0.0	34.0	0.3803	3.3662	46.8732
YDR245W_mRNA	YDR245W	254	1466	418.5	0.2855	57.0	1024.5	0.0	1.65	17.0	0.3346	2.5433	42.1614
YDR246W-A_mRNA	YDR246W-A	6	547	493.0	0.9013	0.25	30.5	0.3333	0.0	0.0	0.8333	43.6667	84.6667
YDR246W_mRNA	YDR246W	56	898	706.0	0.7862	10.0	145.0	0.0714	0.0	49.0	0.1964	1.875	48.4286
YDR247W_mRNA	YDR247W	23	2512	618.0	0.246	46.1	529.0	0.0	1.1	837.0	0.2609	2.4783	56.3478
YDR248C_mRNA	YDR248C	124	1017	689.0	0.6775	100.45	133.5	0.0161	149.15	175.0	0.0	2.1855	36.5242
YDR249C_mRNA	YDR249C	65	1481	412.0	0.2782	100.4	1026.0	0.0154	0.0	6.0	0.8	5.3538	50.7231
YDR250C_mRNA	YDR250C	4	569	511.5	0.8989	2.85	19.5	0.25	0.0	14.0	0.5	64.5	32.75
YDR251W_mRNA	YDR251W	205	2977	573.0	0.1925	80.8	2329.0	0.0146	0.0	12.0	0.4927	2.0927	61.0976
YDR252W_mRNA	YDR252W	30	1449	640.0	0.4417	3.0	118.0	0.1	212.3	294.0	0.0333	5.4667	57.1333
YDR253C_mRNA	YDR253C	16	894	500.0	0.5593	4.5	50.5	0.125	2.0	19.5	0.4375	3.0	67.6875
YDR254W_mRNA	YDR254W	36	2046	502.0	0.2454	10.75	1036.5	0.0556	2.0	77.0	0.0833	1.0556	57.7778
YDR255C_mRNA	YDR255C	26	1618	895.5	0.5535	9.0	190.0	0.0769	2.25	79.0	0.1538	2.3846	97.7692
YDR256C_mRNA	YDR256C	52	2370	364.0	0.1536	123.2	336.5	0.0	3.3	1693.0	0.0769	2.9615	44.6538
YDR257C_mRNA	YDR257C	104	1835	712.0	0.388	19.3	879.5	0.0096	8.15	25.0	0.1154	1.1058	50.375
YDR258C_mRNA	YDR258C	1553	2579	542.0	0.2102	18.0	1992.0	0.0225	1.0	5.0	0.7701	1.9794	43.141
YDR259C_mRNA	YDR259C	34	1745	410.0	0.235	297.05	1304.5	0.0294	0.0	7.0	0.5294	4.3529	70.5882
YDR260C_mRNA	YDR260C	58	1202	532.5	0.443	31.1	395.0	0.0	231.15	271.0	0.0	4.7069	50.1552
YDR261C-C_mRNA	YDR261C-C	2	1323	645.0	0.4875	46.3	463.0	0.5	133.1	215.0	0.0	24.0	6.5
YDR261C-D_mRNA	YDR261C-D	1349	4815	720.0	0.1495	1055.4	3986.0	0.0148	0.0	0.0	0.762	2.8681	301.4225
YDR261C_mRNA	YDR261C	173	1948	387.0	0.1987	99.6	1474.0	0.0058	0.0	17.0	0.2775	2.5087	45.4798
YDR261W-A_mRNA	YDR261W-A	5	1317	312.0	0.2369	116.8	658.0	0.2	50.4	304.0	0.2	7.8	49.6
YDR261W-B_mRNA	YDR261W-B	153	5313	1096.0	0.2063	665.4	3837.0	0.0131	0.0	2.0	0.6275	7.2288	243.5294
YDR262W_mRNA	YDR262W	189	1625	415.0	0.2554	0.0	339.0	0.1376	315.2	326.0	0.0053	18.7249	46.418
YDR263C_mRNA	YDR263C	14	1685	686.5	0.4074	6.2	887.0	0.1429	0.0	16.0	0.5	80.2857	115.5
YDR264C_mRNA	YDR264C	174	2837	510.0	0.1798	91.35	2011.5	0.0115	185.3	201.0	0.0057	2.1149	44.9253
YDR265W_mRNA	YDR265W	102	1458	548.0	0.3759	48.1	859.5	0.0098	0.0	30.0	0.1471	2.5294	46.8235
YDR266C_mRNA	YDR266C	153	2263	318.0	0.1405	18.0	1922.0	0.0131	0.0	4.0	0.6928	3.183	46.8497
YDR267C_mRNA	YDR267C	94	1441	466.0	0.3234	175.2	927.5	0.0	0.0	0.0	0.734	0.9255	56.5106
YDR268W_mRNA	YDR268W	25	1492	533.0	0.3572	193.4	959.0	0.04	0.0	6.0	0.56	1.6	46.4
YDR270W_mRNA	YDR270W	31	3950	292.0	0.0739	34.0	259.0	0.0	1.0	3511.0	0.3226	3.0	52.2581
YDR272W_mRNA	YDR272W	266	1905	824.5	0.4328	10.0	105.5	0.0977	890.0	968.0	0.0075	2.9211	39.7932
YDR273W_mRNA	YDR273W	24	1651	235.5	0.1426	1.45	112.5	0.1667	0.0	1350.0	0.375	7.2083	41.7083
YDR275W_mRNA	YDR275W	228	1687	739.0	0.4381	313.4	868.0	0.0	3.0	13.0	0.25	1.8421	39.136
YDR276C_mRNA	YDR276C	1494	889	386.0	0.4342	174.0	226.0	0.0027	214.65	273.0	0.002	4.0904	51.7724
YDR277C_mRNA	YDR277C	204	1741	308.5	0.1772	35.3	1353.0	0.0049	1.0	85.0	0.0833	2.2843	39.451
YDR279W_mRNA	YDR279W	60	1354	745.5	0.5506	158.9	582.5	0.0	0.0	5.0	0.8	2.8333	42.2667
YDR280W_mRNA	YDR280W	268	1876	569.0	0.3033	174.75	1090.0	0.0112	0.35	6.0	0.6007	3.6604	44.9366
YDR281C_mRNA	YDR281C	91	769	510.0	0.6632	65.0	98.0	0.0	13.0	161.0	0.033	1.3736	29.6264
YDR282C_mRNA	YDR282C	246	1663	161.0	0.0968	591.5	1406.0	0.0	1.0	96.0	0.0976	162.4512	57.0325
YDR283C_mRNA	YDR283C	74	5410	594.5	0.1099	34.6	4529.0	0.027	12.55	72.0	0.0541	7.0811	48.1216
YDR284C_mRNA	YDR284C	198	1331	751.0	0.5642	13.0	238.0	0.0202	69.0	89.0	0.0051	6.6515	47.3889
YDR285W_mRNA	YDR285W	50	2938	463.0	0.1576	1151.2	2360.5	0.02	0.0	7.0	0.58	2.12	46.42
YDR286C_mRNA	YDR286C	88	1184	422.0	0.3564	515.05	725.5	0.0114	15.4	32.0	0.0227	4.5795	39.9432
YDR287W_mRNA	YDR287W	42	1747	643.0	0.3681	684.05	1082.0	0.0	0.05	8.5	0.6905	2.4286	59.2857
YDR288W_mRNA	YDR288W	95	1331	747.0	0.5612	196.0	403.0	0.0105	5.0	50.0	0.0632	1.7579	47.1263
YDR289C_mRNA	YDR289C	96	1721	510.0	0.2963	29.75	832.0	0.0208	216.0	341.5	0.0	2.0729	36.3958
YDR291W_mRNA	YDR291W	59	3400	597.0	0.1756	732.7	2731.0	0.0	0.0	1.0	0.7119	2.678	79.2712
YDR292C_mRNA	YDR292C	321	2200	505.0	0.2295	24.0	1553.0	0.0062	0.0	131.0	0.0966	3.0093	51.0654
YDR293C_mRNA	YDR293C	250	4919	603.5	0.1227	228.55	4126.5	0.012	1.0	35.0	0.432	3.192	52.144
YDR294C_mRNA	YDR294C	178	1920	584.0	0.3042	68.85	1301.5	0.0	0.0	3.0	0.8258	3.191	33.6629
YDR295C_mRNA	YDR295C	83	2374	558.0	0.235	12.3	1652.0	0.0241	0.0	6.0	0.6988	2.0241	47.012
YDR296W_mRNA	YDR296W	124	981	601.0	0.6126	11.0	199.0	0.0403	123.15	157.0	0.0081	2.3871	47.0968
YDR297W_mRNA	YDR297W	342	1393	655.0	0.4702	109.0	690.0	0.0	0.0	9.0	0.6374	2.5936	44.3421
YDR298C_mRNA	YDR298C	514	1359	573.5	0.422	384.0	742.0	0.0	0.0	7.0	0.7957	3.0389	48.2977
YDR299W_mRNA	YDR299W	87	1931	702.0	0.3635	257.9	1005.0	0.0	33.0	199.0	0.0	1.6897	34.3563
YDR300C_mRNA	YDR300C	194	2010	577.5	0.2873	20.0	895.0	0.0361	389.25	545.0	0.0	1.7423	42.067
YDR301W_mRNA	YDR301W	99	4274	533.0	0.1247	821.8	3661.0	0.0404	1.0	8.0	0.6061	2.6566	37.1616
YDR302W_mRNA	YDR302W	179	903	723.0	0.8007	0.0	37.0	0.1844	84.0	126.0	0.0335	5.3296	47.2961
YDR303C_mRNA	YDR303C	165	3108	542.0	0.1744	1138.2	2531.0	0.0	4.0	12.0	0.4727	5.9455	45.3152
YDR304C_mRNA	YDR304C	202	1007	682.5	0.6778	185.15	280.0	0.0198	0.0	4.0	0.7921	3.1139	48.6238
YDR305C_mRNA	YDR305C	203	1504	459.0	0.3052	116.0	803.0	0.0148	0.0	33.0	0.1232	8.2709	41.665
YDR306C_mRNA	YDR306C	64	1796	863.5	0.4808	127.45	513.0	0.0	4.15	105.5	0.1406	2.6406	58.5469
YDR307W_mRNA	YDR307W	47	2244	448.0	0.1996	80.4	1711.0	0.0213	44.0	68.0	0.0	2.1702	35.2979
YDR308C_mRNA	YDR308C	304	2717	557.5	0.2052	5.0	25.0	0.0987	2048.0	2140.0	0.0066	3.7599	40.4539
YDR309C_mRNA	YDR309C	76	1697	393.0	0.2316	141.0	1270.0	0.0	0.0	0.0	0.7237	3.9605	79.0132
YDR310C_mRNA	YDR310C	72	3663	621.0	0.1695	46.3	2800.5	0.0556	0.0	11.0	0.4861	4.7917	46.6389
YDR311W_mRNA	YDR311W	128	2068	657.5	0.3179	66.95	1380.5	0.0	1.0	5.0	0.75	1.5938	59.3359
YDR312W_mRNA	YDR312W	62	1642	361.0	0.2199	426.1	1230.5	0.0	0.4	31.0	0.1613	1.1129	35.0484
YDR313C_mRNA	YDR313C	70	1789	428.0	0.2392	153.8	1188.5	0.0143	0.0	5.0	0.5714	2.1857	41.4143
YDR314C_mRNA	YDR314C	14	2270	1082.0	0.4767	121.0	871.0	0.0	0.0	20.5	0.5	0.9286	44.0
YDR315C_mRNA	YDR315C	77	1072	682.0	0.6362	5.0	128.0	0.0779	54.4	106.0	0.0	4.1818	45.987
YDR316W-B_mRNA	YDR316W-B	1441	5268	761.0	0.1445	1385.0	4380.0	0.0104	0.0	0.0	0.8341	2.7425	311.687
YDR316W_mRNA	YDR316W	77	1536	437.0	0.2845	236.0	1074.0	0.0	0.0	1.0	0.7922	1.7013	47.1948
YDR317W_mRNA	YDR317W	15	1618	290.0	0.1792	0.0	674.0	0.1333	0.0	44.0	0.2	48.8	55.5333
YDR318W_mRNA	YDR318W	53	1315	1015.0	0.7719	56.4	271.0	0.0189	1.0	32.0	0.2642	2.5849	37.6038
YDR319C_mRNA	YDR319C	169	1859	645.0	0.347	104.8	406.0	0.0059	728.8	787.0	0.0059	4.9822	46.3669
YDR320C-A_mRNA	YDR320C-A	280	398	288.0	0.7236	6.95	35.5	0.0679	55.0	74.0	0.0036	1.2679	47.3964
YDR320C_mRNA	YDR320C	174	2490	283.5	0.1139	0.0	28.5	0.3966	1.0	2199.0	0.2529	2.4885	55.5345
YDR320W-B_mRNA	YDR320W-B	1	920	476.0	0.5174	431.0	431.0	0.0	13.0	13.0	0.0	0.0	26.0
YDR321W_mRNA	YDR321W	450	1439	528.5	0.3673	14.45	769.0	0.0378	100.45	151.0	0.02	4.1333	40.4467
YDR322C-A_mRNA	YDR322C-A	1234	677	496.0	0.7326	14.0	49.0	0.0081	115.65	129.0	0.0016	2.9295	36.7666
YDR322W_mRNA	YDR322W	70	1244	478.0	0.3842	13.0	700.5	0.0286	1.0	18.0	0.2	1.1143	38.3857
YDR323C_mRNA	YDR323C	58	1724	442.5	0.2567	12.0	1210.0	0.0172	0.0	9.5	0.5	2.4828	65.431
YDR324C_mRNA	YDR324C	463	2857	508.0	0.1778	886.5	2334.0	0.0	0.0	22.0	0.4406	2.3305	43.9503
YDR325W_mRNA	YDR325W	81	3197	631.0	0.1974	14.0	2318.0	0.0494	0.0	4.0	0.7778	10.0	64.6296
YDR326C_mRNA	YDR326C	159	4702	539.0	0.1146	1818.4	4108.0	0.0	0.0	1.0	0.7987	2.9497	44.7987
YDR328C_mRNA	YDR328C	501	940	634.0	0.6745	12.0	217.0	0.0259	68.0	94.0	0.004	1.8044	43.2854
YDR329C_mRNA	YDR329C	152	1453	685.5	0.4718	12.0	726.0	0.0329	20.1	30.0	0.0263	2.5658	48.3289
YDR330W_mRNA	YDR330W	79	1809	564.0	0.3118	37.3	1191.0	0.0	15.0	27.0	0.0127	2.5696	41.6709
YDR331W_mRNA	YDR331W	106	1772	500.0	0.2822	113.75	1058.5	0.0	3.0	34.0	0.2358	8.4623	48.9717
YDR332W_mRNA	YDR332W	37	2179	531.0	0.2437	280.4	1444.0	0.0	5.0	27.0	0.1081	1.8919	36.0811
YDR333C_mRNA	YDR333C	156	2447	444.5	0.1817	144.0	1889.5	0.0064	4.75	24.0	0.0577	2.0641	48.2372
YDR334W_mRNA	YDR334W	106	4857	346.5	0.0713	39.25	4370.5	0.0283	4.0	14.0	0.2358	5.8396	40.8396
YDR335W_mRNA	YDR335W	109	4147	407.0	0.0981	18.0	3470.0	0.0367	0.0	24.0	0.1376	3.2569	42.6606
YDR336W_mRNA	YDR336W	130	1114	690.0	0.6194	59.0	399.0	0.0154	0.0	15.5	0.3154	5.4538	32.6923
YDR337W_mRNA	YDR337W	95	1156	497.0	0.4299	32.0	488.0	0.0105	107.1	173.0	0.0211	4.4632	45.1684
YDR338C_mRNA	YDR338C	78	2480	439.0	0.177	776.8	2010.0	0.0	0.0	16.0	0.4615	1.6923	48.7821
YDR339C_mRNA	YDR339C	328	1091	571.0	0.5234	1.0	113.5	0.1768	343.7	404.0	0.0122	2.3506	46.3171
YDR341C_mRNA	YDR341C	898	2091	598.5	0.2862	76.0	1367.0	0.0	0.0	66.0	0.3385	3.1537	48.1047
YDR342C_mRNA	YDR342C	2575	2349	770.0	0.3278	409.0	1500.0	0.0004	0.0	12.0	0.393	3.4128	53.4711
YDR343C_mRNA	YDR343C	472	1948	726.5	0.3729	11.0	802.5	0.0381	0.0	5.0	0.5445	2.7542	56.7394
YDR345C_mRNA	YDR345C	3270	1953	500.5	0.2563	86.0	1392.0	0.0037	0.0	5.0	0.6924	3.6489	47.7789
YDR346C_mRNA	YDR346C	801	1991	593.0	0.2978	425.0	1317.0	0.0025	1.0	40.0	0.1124	3.1011	44.1536
YDR347W_mRNA	YDR347W	151	1206	543.0	0.4502	42.5	646.0	0.0066	2.0	6.0	0.5695	3.8079	44.7947
YDR348C_mRNA	YDR348C	62	2029	378.0	0.1863	119.55	1499.5	0.0	105.0	117.0	0.0161	1.3226	40.2419
YDR349C_mRNA	YDR349C	192	2057	490.5	0.2385	40.2	1442.0	0.0052	0.0	38.0	0.1562	3.6875	53.6719
YDR350C_mRNA	YDR350C	132	2175	534.0	0.2455	26.0	1526.0	0.0152	0.0	7.0	0.6894	1.8939	46.8939
YDR351W_mRNA	YDR351W	215	2955	653.0	0.221	320.4	2242.0	0.0326	0.0	6.0	0.7302	2.4326	53.6465
YDR352W_mRNA	YDR352W	157	1708	511.0	0.2992	21.0	830.0	0.0064	260.6	327.0	0.0127	2.6815	47.2548
YDR353W_mRNA	YDR353W	1115	1315	562.0	0.4274	39.7	558.0	0.0081	22.0	195.0	0.0197	2.0807	47.9991
YDR354W_mRNA	YDR354W	324	1380	471.0	0.3413	26.15	838.0	0.0093	36.0	52.0	0.0093	5.7562	43.5093
YDR356W_mRNA	YDR356W	87	3160	753.0	0.2383	1204.8	2360.0	0.0	0.0	32.0	0.3678	1.8391	69.1264
YDR357C_mRNA	YDR357C	224	675	422.5	0.6259	67.0	203.0	0.0045	5.0	34.0	0.1071	2.3571	39.4241
YDR358W_mRNA	YDR358W	100	1920	470.5	0.2451	43.25	1410.5	0.01	2.95	28.0	0.23	1.61	47.79
YDR359C_mRNA	YDR359C	128	3802	259.5	0.0683	31.35	179.5	0.0156	0.0	3349.0	0.1016	2.875	43.6328
YDR361C_mRNA	YDR361C	347	1247	721.0	0.5782	8.0	367.0	0.1095	97.6	113.0	0.0	2.0893	45.5274
YDR362C_mRNA	YDR362C	71	2343	593.0	0.2531	240.5	1564.0	0.0	0.0	158.0	0.0986	7.3239	48.1408
YDR363W-A_mRNA	YDR363W-A	731	798	429.0	0.5376	97.0	115.0	0.0055	17.0	230.0	0.0397	1.7319	43.8933
YDR363W_mRNA	YDR363W	79	2485	496.0	0.1996	56.3	1580.0	0.038	0.0	115.0	0.2025	1.5949	58.3544
YDR364C_mRNA	YDR364C	61	1872	620.0	0.3312	62.0	961.0	0.0	26.0	99.0	0.0492	2.8197	48.7049
YDR365C_mRNA	YDR365C	193	2086	387.0	0.1855	546.8	1672.0	0.0052	3.6	24.0	0.0984	2.2021	44.5285
YDR365W-A_mRNA	YDR365W-A	1	1323	1083.0	0.8186	0.0	0.0	1.0	240.0	240.0	0.0	37.0	84.0
YDR365W-B_mRNA	YDR365W-B	1566	5268	1313.0	0.2492	1699.0	3833.0	0.0096	0.0	0.0	0.8065	3.9738	301.8046
YDR366C_mRNA	YDR366C	69	399	172.0	0.4311	123.6	215.0	0.029	0.0	6.0	0.5942	131.2899	52.9275
YDR367W_mRNA	YDR367W	197	985	632.0	0.6416	53.0	156.0	0.0102	122.8	161.0	0.0051	3.1269	41.5178
YDR368W_mRNA	YDR368W	305	1244	769.0	0.6182	94.2	451.0	0.0	0.0	4.0	0.5738	3.023	47.3705
YDR369C_mRNA	YDR369C	90	2754	514.5	0.1868	74.35	2223.0	0.0	0.0	9.0	0.6556	2.0889	56.3667
YDR370C_mRNA	YDR370C	104	1511	587.0	0.3885	64.15	758.0	0.0192	0.15	60.0	0.125	6.9135	49.5
YDR371C-A_mRNA	YDR371C-A	1	557	397.0	0.7127	18.0	18.0	0.0	142.0	142.0	0.0	0.0	85.0
YDR371W_mRNA	YDR371W	126	1751	559.0	0.3192	47.0	1107.5	0.0238	0.0	2.0	0.7143	4.5397	60.0794
YDR372C_mRNA	YDR372C	735	1555	708.0	0.4553	30.0	722.0	0.0272	8.0	75.0	0.0639	1.9973	45.1497
YDR373W_mRNA	YDR373W	357	780	704.0	0.9026	1.0	43.0	0.112	2.0	23.0	0.1457	3.0056	36.479
YDR374C_mRNA	YDR374C	15	921	247.0	0.2682	584.4	671.0	0.0	0.0	0.0	1.0	0.7333	158.1333
YDR374W-A_mRNA	YDR374W-A	170	590	398.5	0.6754	16.0	32.0	0.0	50.45	128.0	0.0176	2.4235	32.1529
YDR375C_mRNA	YDR375C	54	1474	650.5	0.4413	43.0	807.0	0.0	0.0	0.0	0.8148	2.1111	40.2407
YDR376W_mRNA	YDR376W	78	1740	635.5	0.3652	39.8	894.0	0.0256	87.85	128.0	0.0	1.5897	35.5897
YDR377W_mRNA	YDR377W	1674	1116	614.0	0.5502	0.0	52.0	0.1272	314.0	442.0	0.0	2.9002	42.098
YDR378C_mRNA	YDR378C	258	921	427.0	0.4636	397.8	449.0	0.0233	3.85	42.0	0.155	2.0155	41.186
YDR379C-A_mRNA	YDR379C-A	199	618	398.0	0.644	85.9	212.0	0.0	0.0	0.0	0.8191	2.3568	56.6231
YDR379W_mRNA	YDR379W	106	3195	479.0	0.1499	1297.0	2689.5	0.0094	0.0	13.0	0.2925	1.8208	36.283
YDR380W_mRNA	YDR380W	771	2157	470.0	0.2179	16.0	1627.0	0.0233	12.0	18.0	0.0441	2.4604	51.0091
YDR381C-A_mRNA	YDR381C-A	153	654	429.0	0.656	147.0	212.0	0.0327	0.0	8.0	0.6275	58.5294	57.0327
YDR381W_mRNA	YDR381W	2070	1135	574.0	0.5057	23.0	388.0	0.0106	58.6	182.0	0.0261	30.9923	44.7812
YDR382W_mRNA	YDR382W	8854	660	535.0	0.8106	14.0	20.0	0.0252	79.0	98.0	0.0001	2.4461	46.6729
YDR383C_mRNA	YDR383C	32	1011	485.0	0.4797	217.5	519.0	0.0	0.0	10.0	0.6875	2.25	60.5938
YDR384C_mRNA	YDR384C	105	1500	455.0	0.3033	450.0	1043.0	0.0	0.0	5.0	0.6571	3.7048	48.5048
YDR385W_mRNA	YDR385W	4533	3213	661.0	0.2057	484.0	2499.0	0.0024	0.0	38.0	0.1015	2.9188	52.0236
YDR386W_mRNA	YDR386W	41	2028	575.0	0.2835	97.0	1263.0	0.0	0.0	6.0	0.7317	1.7805	44.1951
YDR387C_mRNA	YDR387C	65	1996	468.0	0.2345	60.4	1380.0	0.0	3.6	51.0	0.0615	3.9846	35.5385
YDR388W_mRNA	YDR388W	191	2017	703.0	0.3485	11.0	858.0	0.0419	391.0	404.0	0.0	3.3298	55.6649
YDR389W_mRNA	YDR389W	82	2790	482.0	0.1728	714.8	2131.0	0.0	0.0	110.0	0.1829	3.2195	79.622
YDR390C_mRNA	YDR390C	85	2038	376.0	0.1845	11.0	1603.0	0.0353	0.0	24.0	0.3059	2.1529	48.8471
YDR391C_mRNA	YDR391C	237	1237	695.0	0.5618	453.4	520.0	0.0	0.0	3.0	0.5992	1.865	60.4219
YDR392W_mRNA	YDR392W	110	1424	595.5	0.4182	146.0	686.5	0.0	77.0	144.0	0.0	3.1091	45.0273
YDR393W_mRNA	YDR393W	63	1647	479.0	0.2908	105.9	1111.0	0.0	4.0	25.0	0.3016	1.3651	45.8095
YDR394W_mRNA	YDR394W	268	1697	557.5	0.3285	224.0	1113.5	0.0	0.0	7.0	0.709	2.3545	49.2575
YDR395W_mRNA	YDR395W	379	3062	500.0	0.1633	137.0	2541.0	0.0079	1.0	8.0	0.5435	1.7995	50.8443
YDR397C_mRNA	YDR397C	278	909	574.0	0.6315	221.0	258.0	0.0072	0.0	6.0	0.5612	4.7302	40.3777
YDR398W_mRNA	YDR398W	53	2182	173.0	0.0793	0.0	829.0	0.4151	7.8	350.0	0.0755	86.1132	41.434
YDR399W_mRNA	YDR399W	1775	975	749.0	0.7682	15.0	72.0	0.0327	118.0	127.0	0.0006	3.2975	46.7961
YDR400W_mRNA	YDR400W	185	1335	679.0	0.5086	1.2	540.0	0.1027	65.0	91.0	0.0	10.7405	49.6432
YDR401W_mRNA	YDR401W	39	1213	299.0	0.2465	33.8	193.0	0.0	698.0	722.0	0.0	1.4359	41.6667
YDR402C_mRNA	YDR402C	1	1470	945.0	0.6429	525.0	525.0	0.0	0.0	0.0	1.0	4.0	65.0
YDR403W_mRNA	YDR403W	42	1765	434.0	0.2459	747.0	1277.0	0.0	0.0	0.0	0.9286	1.9762	122.619
YDR404C_mRNA	YDR404C	211	1424	546.0	0.3834	552.0	862.0	0.0	0.0	13.0	0.3412	3.5687	45.0853
YDR405W_mRNA	YDR405W	37	1619	451.0	0.2786	0.0	554.0	0.1351	0.8	634.0	0.0811	2.6216	43.8649
YDR406W-A_mRNA	YDR406W-A	15	1240	352.0	0.2839	388.5	758.0	0.0	105.4	130.0	0.0	3.6	43.3333
YDR406W_mRNA	YDR406W	29	4830	817.0	0.1692	1317.2	3279.0	0.0	3.4	19.0	0.3448	3.5517	57.4828
YDR407C_mRNA	YDR407C	173	4064	513.0	0.1262	1772.6	3483.0	0.0116	0.0	0.0	0.7977	7.1445	47.8786
YDR408C_mRNA	YDR408C	237	1033	440.0	0.4259	243.0	573.0	0.0	0.0	0.0	0.6667	1.8565	93.2743
YDR409W_mRNA	YDR409W	55	3011	444.0	0.1475	26.4	2059.0	0.0364	0.0	33.0	0.3455	5.9455	57.6
YDR410C_mRNA	YDR410C	197	892	574.0	0.6435	13.0	243.0	0.0	0.0	77.0	0.203	3.0051	41.3503
YDR411C_mRNA	YDR411C	74	1188	718.0	0.6044	12.0	179.0	0.0135	36.3	47.0	0.0135	4.1351	40.5405
YDR412W_mRNA	YDR412W	143	1008	376.0	0.373	40.5	543.0	0.007	65.1	89.0	0.021	1.6993	45.6084
YDR414C_mRNA	YDR414C	98	1736	328.5	0.1892	129.25	1345.5	0.0102	0.0	26.0	0.2857	2.2755	48.449
YDR415C_mRNA	YDR415C	110	1523	635.5	0.4173	12.0	557.5	0.0364	12.0	257.0	0.0273	1.8364	48.5545
YDR416W_mRNA	YDR416W	51	2707	612.0	0.2261	47.5	2044.0	0.0	0.0	7.0	0.6667	1.6471	39.7059
YDR418W_mRNA	YDR418W	5938	1528	580.0	0.3796	907.0	927.0	0.0002	0.0	10.0	0.5039	1.8159	48.4763
YDR419W_mRNA	YDR419W	66	2324	619.0	0.2664	371.0	1577.5	0.0152	29.0	107.0	0.0455	5.2727	42.8333
YDR420W_mRNA	YDR420W	146	6378	428.5	0.0672	389.0	5720.0	0.0	0.25	50.5	0.1301	2.1712	45.3836
YDR421W_mRNA	YDR421W	68	3076	647.5	0.2105	987.5	2248.5	0.0	0.0	95.0	0.2647	2.0147	74.5882
YDR422C_mRNA	YDR422C	52	2872	385.0	0.1341	263.0	2335.0	0.0192	0.0	46.0	0.1923	8.2308	47.6923
YDR423C_mRNA	YDR423C	45	1387	634.0	0.4571	129.2	595.0	0.0	1.0	21.0	0.2222	1.6	60.7778
YDR424C_mRNA	YDR424C	605	423	329.0	0.7778	51.2	86.0	0.0033	0.0	6.0	0.7669	7.1785	40.8562
YDR425W_mRNA	YDR425W	119	2057	519.0	0.2523	41.0	1522.0	0.0084	0.0	3.0	0.7227	2.4874	55.6723
YDR426C_mRNA	YDR426C	1	378	144.0	0.381	64.0	64.0	0.0	170.0	170.0	0.0	0.0	25.0
YDR427W_mRNA	YDR427W	515	1347	906.0	0.6726	5.0	336.0	0.0951	30.0	48.0	0.0039	2.532	42.9922
YDR428C_mRNA	YDR428C	148	1572	768.0	0.4885	11.0	148.5	0.0338	628.0	649.0	0.0	2.5743	43.5878
YDR429C_mRNA	YDR429C	1438	1063	634.5	0.5969	19.0	332.0	0.0209	62.0	93.0	0.0007	2.2413	40.9687
YDR430C_mRNA	YDR430C	85	3092	389.0	0.1258	21.4	2363.0	0.0471	0.0	26.0	0.1882	3.1647	38.0824
YDR432W_mRNA	YDR432W	114	1505	392.0	0.2605	101.7	1105.0	0.0175	1.0	6.0	0.7193	0.9211	29.2281
YDR433W_mRNA	YDR433W	377	1975	418.0	0.2116	603.2	1114.0	0.0212	181.0	410.0	0.0318	1.8806	35.8435
YDR434W_mRNA	YDR434W	273	1911	575.0	0.3009	102.0	1304.0	0.0	0.0	8.0	0.6557	4.5897	44.641
YDR435C_mRNA	YDR435C	87	1339	673.0	0.5026	215.0	636.0	0.0	0.0	5.0	0.7011	3.8966	72.3908
YDR436W_mRNA	YDR436W	76	2427	425.0	0.1751	429.0	1995.0	0.0132	0.0	6.0	0.7763	2.4605	47.5132
YDR437W_mRNA	YDR437W	11	2016	666.0	0.3304	303.5	1054.0	0.0	47.0	123.0	0.0	0.7273	38.1818
YDR438W_mRNA	YDR438W	35	2181	674.0	0.309	1.4	1106.0	0.0857	0.0	6.0	0.5143	1.8	46.1714
YDR439W_mRNA	YDR439W	27	1387	1128.0	0.8133	0.0	90.0	0.1481	43.1	91.0	0.037	14.3704	63.3704
YDR440W_mRNA	YDR440W	32	1942	366.0	0.1885	1.1	1489.0	0.0938	0.0	19.5	0.3125	4.75	39.5625
YDR441C_mRNA	YDR441C	149	1660	608.0	0.3663	94.6	641.0	0.0336	80.2	192.0	0.0	5.4899	50.7584
YDR443C_mRNA	YDR443C	18	4636	645.0	0.1391	95.3	3435.5	0.0	0.0	9.0	0.5556	1.1111	70.9444
YDR444W_mRNA	YDR444W	27	2228	576.0	0.2585	74.9	1520.0	0.037	3.7	32.0	0.1111	1.1111	41.3333
YDR445C_mRNA	YDR445C	1	408	91.0	0.223	52.0	52.0	0.0	265.0	265.0	0.0	1.0	192.0
YDR446W_mRNA	YDR446W	1	909	284.0	0.3124	624.0	624.0	0.0	1.0	1.0	1.0	0.0	187.0
YDR447C_mRNA	YDR447C	13019	727	540.0	0.7428	54.0	70.0	0.0022	56.0	116.0	0.0297	2.5599	39.0764
YDR448W_mRNA	YDR448W	14	1483	456.0	0.3075	0.0	567.5	0.1429	0.0	21.5	0.4286	3.4286	58.2143
YDR449C_mRNA	YDR449C	166	1575	636.5	0.4041	8.0	789.5	0.0542	26.0	150.5	0.006	2.4639	47.2349
YDR450W_mRNA	YDR450W	7821	793	555.0	0.6999	37.0	49.0	0.0041	173.0	182.0	0.0003	2.0334	37.7229
YDR451C_mRNA	YDR451C	50	1458	713.0	0.489	12.0	356.5	0.0	117.45	148.5	0.0	7.92	35.2
YDR452W_mRNA	YDR452W	290	2362	503.0	0.213	646.45	1760.5	0.0069	0.0	36.0	0.2414	2.1379	47.069
YDR453C_mRNA	YDR453C	78	1048	394.0	0.376	302.4	643.0	0.0	0.0	12.0	0.3846	1.5897	44.7051
YDR454C_mRNA	YDR454C	702	1139	532.0	0.4671	44.0	194.0	0.0	381.0	400.0	0.0028	1.745	38.463
YDR456W_mRNA	YDR456W	91	2298	693.0	0.3016	256.5	1327.0	0.033	0.0	16.0	0.4066	11.6154	59.1758
YDR457W_mRNA	YDR457W	328	10004	492.0	0.0492	488.85	9390.0	0.0305	0.0	25.0	0.3018	2.439	57.9329
YDR458C_mRNA	YDR458C	127	2218	499.0	0.225	659.7	1714.0	0.0	0.0	3.0	0.6693	1.4724	52.4961
YDR459C_mRNA	YDR459C	47	1508	314.0	0.2082	215.9	1144.0	0.0	0.0	3.0	0.617	2.383	69.2553
YDR460W_mRNA	YDR460W	51	1308	550.0	0.4205	103.0	650.0	0.0196	8.5	96.0	0.0588	14.2549	49.0
YDR461C-A_mRNA	YDR461C-A	19	475	403.0	0.8484	44.3	62.0	0.0	0.0	0.0	0.6842	0.6842	45.7368
YDR461W_mRNA	YDR461W	3	284	261.0	0.919	17.6	23.0	0.0	0.0	0.0	1.0	1.3333	31.6667
YDR462W_mRNA	YDR462W	79	677	575.0	0.8493	11.8	46.0	0.0506	21.2	51.0	0.038	1.557	46.8734
YDR463W_mRNA	YDR463W	122	1834	380.0	0.2072	111.45	1423.5	0.0	1.0	8.0	0.5738	2.582	46.6639
YDR464W_mRNA	YDR464W	61	4781	359.0	0.0751	3614.0	4397.0	0.0	1.0	17.0	0.377	1.7377	29.0492
YDR465C_mRNA	YDR465C	375	1638	509.0	0.3107	200.0	1114.0	0.0	0.0	1.0	0.5813	1.9253	43.944
YDR466W_mRNA	YDR466W	28	3046	364.5	0.1197	11.3	2192.0	0.0714	8.75	92.0	0.0714	2.8571	50.5714
YDR467C_mRNA	YDR467C	55	1610	338.0	0.2099	32.5	106.0	0.0182	734.0	1158.0	0.0	2.2545	45.6182
YDR468C_mRNA	YDR468C	162	1105	736.5	0.6665	15.0	187.0	0.0494	73.05	171.0	0.0309	3.1914	42.9506
YDR469W_mRNA	YDR469W	253	3656	572.0	0.1565	900.0	939.0	0.0	1915.6	2136.0	0.004	1.7787	46.9051
YDR470C_mRNA	YDR470C	25	1808	468.0	0.2588	33.6	1321.0	0.0	2.0	16.0	0.2	0.72	46.88
YDR471W_mRNA	YDR471W	8209	838	529.0	0.6313	41.0	64.0	0.0052	232.0	236.0	0.0	3.6631	40.9726
YNCD0017W_mRNA	YNCD0017W	4	60	58.5	0.975	0.0	0.0	1.0	0.0	0.0	1.0	26.75	105.75
Q0045_mRNA	Q0045	34	1607	347.5	0.2162	0.0	1132.0	0.1176	0.0	8.5	0.5	182.6765	180.0882
Q0050_mRNA	Q0050	199	2505	361.0	0.1441	0.0	853.0	0.0905	70.0	1087.0	0.0201	25.206	41.0251
Q0055_mRNA	Q0055	157	2565	321.0	0.1251	148.2	929.0	0.0446	65.8	1117.0	0.0382	14.0701	52.2803
Q0060_mRNA	Q0060	18	1248	338.5	0.2712	0.0	207.5	0.2222	350.7	703.0	0.0	112.0556	47.7778
Q0065_mRNA	Q0065	38	1671	362.5	0.2169	0.0	956.5	0.1053	0.0	289.5	0.2368	67.3421	144.9211
Q0070_mRNA	Q0070	6	1893	105.0	0.0555	0.0	0.0	0.6667	1385.25	1788.0	0.0	280.1667	41.1667
Q0080_mRNA	Q0080	8	147	147.0	1.0	0.0	0.0	0.875	0.0	0.0	1.0	232.75	305.875
Q0085_mRNA	Q0085	59	780	382.0	0.4897	0.0	353.0	0.3051	0.0	0.0	0.8136	73.5254	140.7458
Q0105_mRNA	Q0105	38	1490	447.5	0.3003	0.0	758.5	0.1579	211.85	267.5	0.0	147.2632	69.2632
Q0115_mRNA	Q0115	1	1554	174.0	0.112	8.0	8.0	1.0	1372.0	1372.0	0.0	0.0	0.0
Q0120_mRNA	Q0120	23	1917	411.0	0.2144	1.0	771.0	0.1304	0.0	743.0	0.2174	40.2609	121.3043
Q0130_mRNA	Q0130	185	231	227.0	0.9827	0.0	0.0	0.7135	0.0	0.0	0.8865	174.5622	115.6757
Q0140_mRNA	Q0140	34	1703	345.5	0.2029	10.65	624.0	0.0588	0.0	830.0	0.1765	15.8529	64.3235
Q0142_mRNA	Q0142	1	177	177.0	1.0	0.0	0.0	1.0	0.0	0.0	1.0	47.0	100.0
Q0144_mRNA	Q0144	1	330	126.0	0.3818	202.0	202.0	0.0	2.0	2.0	1.0	456.0	679.0
Q0160_mRNA	Q0160	29	708	241.0	0.3404	35.8	122.0	0.0	123.4	342.0	0.0	2.7241	35.0
Q0250_mRNA	Q0250	45	756	268.0	0.3545	0.0	0.0	0.7111	0.0	376.0	0.4	30.7333	58.5333
Q0255_mRNA	Q0255	24	1419	290.5	0.2047	0.0	707.5	0.1667	0.0	203.5	0.3333	43.5833	64.6667
Q0275_mRNA	Q0275	27	810	390.0	0.4815	0.0	373.0	0.1481	0.0	0.0	0.5926	40.8519	325.5556
Q0297_mRNA	Q0297	3	156	47.0	0.3013	0.0	0.0	1.0	18.1	109.0	0.3333	84.0	188.0
YDR472W_mRNA	YDR472W	107	1229	386.0	0.3141	20.0	681.0	0.0467	0.0	118.0	0.0748	10.7477	48.1589
YDR473C_mRNA	YDR473C	63	1694	469.0	0.2769	49.6	1131.0	0.0	0.0	107.0	0.1905	1.3333	43.3651
YDR475C_mRNA	YDR475C	112	2912	465.0	0.1597	663.9	2423.0	0.0	5.55	16.0	0.1339	3.2321	42.4464
YDR476C_mRNA	YDR476C	111	1925	753.0	0.3912	1030.0	1172.0	0.0	0.0	3.0	0.7838	1.7027	47.1351
YDR477W_mRNA	YDR477W	227	2345	393.0	0.1676	23.0	1850.0	0.0088	1.0	11.0	0.4581	1.7489	44.9956
YDR478W_mRNA	YDR478W	88	1920	647.0	0.337	0.0	123.5	0.2273	312.7	1213.0	0.0	13.7955	40.6705
YDR479C_mRNA	YDR479C	40	1982	515.5	0.2601	199.95	1063.5	0.025	0.0	3.0	0.7	1.2	53.075
YDR480W_mRNA	YDR480W	44	1434	371.5	0.2591	9.15	841.0	0.1136	1.0	16.0	0.4318	4.3864	44.9773
YDR481C_mRNA	YDR481C	524	1868	480.0	0.257	60.0	1359.0	0.0019	0.0	1.0	0.8569	2.9122	70.0802
YDR482C_mRNA	YDR482C	23	749	301.0	0.4019	137.1	383.0	0.0	0.0	65.0	0.3043	1.3043	51.0435
YDR483W_mRNA	YDR483W	583	1663	469.0	0.282	163.1	1159.0	0.0034	2.0	26.0	0.3002	3.825	44.1184
YDR484W_mRNA	YDR484W	74	2085	705.0	0.3381	13.95	1302.0	0.0135	2.3	56.0	0.0946	1.6216	57.1892
YDR485C_mRNA	YDR485C	64	2636	481.0	0.1825	771.65	2136.0	0.0	0.0	20.0	0.4062	1.6406	39.2344
YDR486C_mRNA	YDR486C	78	1079	438.5	0.4064	102.0	501.0	0.0128	72.35	124.0	0.0	2.4744	39.5897
YDR487C_mRNA	YDR487C	385	1980	702.0	0.3545	1175.0	1248.0	0.0026	0.2	14.0	0.4104	2.6805	54.1195
YDR488C_mRNA	YDR488C	3	1602	1473.0	0.9195	0.0	0.0	0.6667	6.0	6.0	0.6667	79.6667	86.0
YDR489W_mRNA	YDR489W	37	1506	598.0	0.3971	10.6	516.0	0.0541	189.6	523.0	0.0	2.1892	42.1351
YDR490C_mRNA	YDR490C	18	2557	893.5	0.3494	31.45	939.0	0.0	0.85	70.0	0.1667	1.2222	37.1667
YDR492W_mRNA	YDR492W	348	1751	377.5	0.2156	306.0	1106.0	0.0029	258.0	265.0	0.0057	3.6724	46.5
YDR493W_mRNA	YDR493W	127	729	516.0	0.7078	1.3	68.0	0.0866	92.0	149.0	0.0	2.2205	43.189
YDR494W_mRNA	YDR494W	194	1250	563.5	0.4508	59.0	678.0	0.0	0.0	5.0	0.8402	2.1804	46.433
YDR495C_mRNA	YDR495C	105	3210	503.0	0.1567	495.4	2702.0	0.0	0.0	3.0	0.7333	3.8381	71.181
YDR496C_mRNA	YDR496C	574	2245	561.0	0.2499	143.95	1527.0	0.0052	10.0	159.0	0.054	2.1533	47.8415
YDR497C_mRNA	YDR497C	617	2019	458.0	0.2268	92.0	1542.0	0.0	0.0	18.0	0.3485	3.59	44.3712
YDR498C_mRNA	YDR498C	28	4713	808.0	0.1714	3089.0	3518.0	0.0	369.0	379.0	0.0	1.6429	57.1786
YDR499W_mRNA	YDR499W	34	2355	416.0	0.1766	189.25	1927.0	0.0	0.0	3.5	0.6471	1.8235	51.2647
YDR500C_mRNA	YDR500C	6001	504	363.0	0.7202	9.0	13.0	0.0695	111.0	123.0	0.0015	3.206	37.0252
YDR501W_mRNA	YDR501W	36	1857	402.0	0.2165	1104.25	1453.0	0.0	0.0	1.0	0.8611	1.0833	56.9722
YDR502C_mRNA	YDR502C	1035	1696	481.0	0.2836	13.0	1003.0	0.0222	187.0	201.0	0.0	2.4908	45.5758
YDR503C_mRNA	YDR503C	73	1119	550.0	0.4915	51.2	509.0	0.0	1.2	46.0	0.0959	3.0548	50.7671
YDR504C_mRNA	YDR504C	53	1706	574.0	0.3365	66.2	661.0	0.0377	0.0	383.0	0.2264	3.8679	70.1509
YDR505C_mRNA	YDR505C	134	3317	533.0	0.1607	254.25	2493.0	0.0224	0.0	2.5	0.5522	2.5	76.1119
YDR506C_mRNA	YDR506C	11	2304	290.0	0.1259	16.0	2014.0	0.0909	0.0	0.0	0.9091	3.6364	24.5455
YDR507C_mRNA	YDR507C	153	4045	567.0	0.1402	2119.2	3459.0	0.0	0.0	9.0	0.634	1.8693	55.6405
YDR508C_mRNA	YDR508C	205	2332	668.0	0.2864	90.0	1554.0	0.0049	0.0	6.0	0.7171	3.0585	50.0683
YDR510W_mRNA	YDR510W	389	1190	462.0	0.3882	663.2	705.0	0.0026	5.0	21.0	0.1131	2.6684	42.2725
YDR511W_mRNA	YDR511W	77	1212	465.0	0.3837	143.8	195.0	0.0	517.6	548.0	0.0	2.5584	37.2468
YDR512C_mRNA	YDR512C	63	1054	359.0	0.3406	636.0	677.0	0.0	2.1	11.0	0.4921	2.2857	30.9841
YDR513W_mRNA	YDR513W	611	1533	493.0	0.3216	168.0	1010.0	0.0147	9.0	25.0	0.126	2.2602	41.2079
YDR514C_mRNA	YDR514C	60	1715	337.0	0.1965	551.05	1339.5	0.0	8.0	32.0	0.0667	2.0167	35.75
YDR515W_mRNA	YDR515W	91	1667	662.0	0.3971	18.0	882.0	0.033	0.0	20.0	0.2967	4.6813	48.8022
YDR516C_mRNA	YDR516C	399	1746	572.0	0.3276	68.0	1104.0	0.01	4.0	12.0	0.406	3.411	47.9649
YDR517W_mRNA	YDR517W	124	1842	564.5	0.3065	526.65	1186.5	0.0	0.0	6.5	0.5565	2.9113	47.8629
YDR518W_mRNA	YDR518W	107	1749	641.0	0.3665	119.0	1084.0	0.0093	0.0	1.0	0.8131	4.243	47.5047
YDR519W_mRNA	YDR519W	583	1091	579.0	0.5307	407.0	467.0	0.0034	0.0	11.0	0.3979	2.8388	55.9846
YDR520C_mRNA	YDR520C	34	2549	424.5	0.1665	345.45	1978.5	0.0294	0.65	34.5	0.3824	1.7647	45.9118
YDR523C_mRNA	YDR523C	7	1831	365.0	0.1993	30.3	910.0	0.1429	0.3	4.0	0.5714	43.2857	72.7143
YDR524C-B_mRNA	YDR524C-B	18044	664	531.0	0.7997	12.0	17.0	0.0206	80.0	99.0	0.0002	3.1386	48.3958
YDR524C_mRNA	YDR524C	106	2022	443.0	0.2191	1.5	1174.0	0.1038	177.0	235.0	0.0	2.5849	49.3491
YDR525W-A_mRNA	YDR525W-A	53	1077	452.0	0.4197	533.2	598.0	0.0	1.0	1.0	0.7358	1.7925	43.9057
YDR527W_mRNA	YDR527W	124	2596	512.0	0.1972	35.3	1085.0	0.0323	6.0	680.0	0.0726	2.9677	46.129
YDR528W_mRNA	YDR528W	27	1728	669.0	0.3872	12.0	844.0	0.0	1.9	22.0	0.2222	2.9259	37.963
YDR529C_mRNA	YDR529C	1196	786	587.0	0.7468	15.0	36.0	0.0351	119.0	163.0	0.0008	1.6564	42.1338
YDR530C_mRNA	YDR530C	60	1390	895.5	0.6442	252.0	471.5	0.0	0.0	20.0	0.45	1.5833	56.5
YDR531W_mRNA	YDR531W	262	1293	656.0	0.5073	64.0	585.0	0.0153	0.0	7.0	0.7672	2.9237	49.1756
YDR532C_mRNA	YDR532C	97	1461	659.0	0.4511	187.8	770.0	0.0	0.0	1.0	0.7629	3.0206	47.8351
YDR533C_mRNA	YDR533C	329	1177	715.0	0.6075	182.0	276.0	0.0122	2.0	170.0	0.0669	3.6505	49.2523
YDR534C_mRNA	YDR534C	9	2177	330.0	0.1516	644.4	1574.0	0.0	0.0	10.0	0.5556	1.1111	42.2222
YDR536W_mRNA	YDR536W	6	1864	340.0	0.1824	1303.25	1516.5	0.0	1.0	2.0	0.8333	0.5	47.1667
YDR538W_mRNA	YDR538W	74	1947	572.0	0.2938	879.0	1312.0	0.0	0.0	61.0	0.1351	2.2568	51.8243
YDR539W_mRNA	YDR539W	196	1953	522.0	0.2673	81.75	1157.0	0.0102	4.75	282.0	0.1071	4.9745	48.6786
YDR540C_mRNA	YDR540C	73	1730	573.0	0.3312	0.0	572.0	0.0685	148.4	549.0	0.0411	4.8082	90.2466
YDR541C_mRNA	YDR541C	65	1482	472.0	0.3185	133.0	1004.0	0.0154	0.0	20.0	0.3538	2.2308	59.9231
YDR545W_mRNA	YDR545W	81	6007	394.0	0.0656	0.0	5133.0	0.0864	143.0	160.0	0.0	5.963	36.679
YEL033W_mRNA	YEL033W	1765	1003	703.0	0.7009	31.0	58.0	0.0159	223.0	230.0	0.0	2.8249	51.5365
YEL034W_mRNA	YEL034W	1492	1174	703.5	0.5992	431.0	459.0	0.0	1.0	1.0	0.866	3.313	50.4015
YEL036C_mRNA	YEL036C	170	1867	391.0	0.2094	151.6	1452.5	0.0	0.0	5.0	0.8471	2.1294	43.2176
YEL037C_mRNA	YEL037C	208	1582	453.0	0.2863	75.7	1096.0	0.0	0.0	20.0	0.351	1.3942	38.5913
YEL038W_mRNA	YEL038W	92	937	606.0	0.6467	8.1	191.0	0.087	75.05	161.0	0.0	2.587	49.3043
YEL039C_mRNA	YEL039C	141	649	507.0	0.7812	72.0	128.0	0.0	0.0	7.0	0.6099	2.461	39.0142
YEL040W_mRNA	YEL040W	1206	1657	541.5	0.3268	37.0	1010.0	0.0008	39.0	70.0	0.01	3.2695	44.8831
YEL041W_mRNA	YEL041W	33	2593	301.0	0.1161	175.6	372.0	0.0	6.4	1665.0	0.0909	2.6061	33.8485
YEL042W_mRNA	YEL042W	454	2331	427.5	0.1834	70.65	1462.0	0.0088	418.0	437.0	0.0	3.0066	43.0639
YEL043W_mRNA	YEL043W	69	3054	414.0	0.1356	1270.6	2605.0	0.0	2.8	36.0	0.1304	2.942	44.5797
YEL044W_mRNA	YEL044W	361	1345	457.0	0.3398	662.0	842.0	0.0	1.0	36.0	0.2382	1.9695	39.6676
YEL046C_mRNA	YEL046C	1236	1903	410.0	0.2154	35.0	1436.0	0.0	27.0	38.0	0.0008	2.7411	42.0364
YEL047C_mRNA	YEL047C	185	1504	554.0	0.3684	9.0	907.0	0.0811	1.0	5.0	0.773	2.2216	42.5189
YEL048C_mRNA	YEL048C	78	1176	692.5	0.5889	76.8	185.5	0.0	1.0	63.5	0.1026	2.2308	64.2308
YEL049W_mRNA	YEL049W	6	525	112.5	0.2143	62.0	285.0	0.1667	37.5	133.5	0.0	49.6667	147.8333
YEL050C_mRNA	YEL050C	138	1520	494.0	0.325	140.7	993.0	0.0072	0.0	0.0	0.6377	2.0942	51.2319
YEL050W-A_mRNA	YEL050W-A	1	312	148.0	0.4744	0.0	0.0	1.0	164.0	164.0	0.0	228.0	3.0
YEL051W_mRNA	YEL051W	629	1047	425.0	0.4059	26.0	531.0	0.0191	31.2	104.0	0.027	1.4213	33.1733
YEL052W_mRNA	YEL052W	49	1829	651.0	0.3559	203.0	1127.0	0.0	0.0	6.0	0.6122	1.7551	41.7551
YEL053C_mRNA	YEL053C	92	2392	699.5	0.2924	46.65	1608.5	0.0	2.1	20.0	0.1304	3.6522	42.3696
YEL054C_mRNA	YEL054C	4801	1073	590.0	0.5499	10.0	44.0	0.0537	293.0	300.0	0.0087	2.8361	49.7528
YEL055C_mRNA	YEL055C	376	3318	606.5	0.1828	2001.75	2579.0	0.0027	5.0	93.5	0.1516	1.6064	47.6356
YEL056W_mRNA	YEL056W	88	1375	416.0	0.3025	24.0	948.0	0.0	0.0	5.0	0.7386	2.0909	57.6705
YEL057C_mRNA	YEL057C	27	876	474.0	0.5411	0.0	259.0	0.2963	0.0	2.0	0.7037	6.8519	41.3704
YEL058W_mRNA	YEL058W	429	2118	578.0	0.2729	32.4	1216.0	0.0047	171.0	325.0	0.0	2.4149	36.8811
YEL059C-A_mRNA	YEL059C-A	93	748	311.0	0.4158	263.6	423.0	0.0	0.0	9.0	0.6022	3.1613	51.9355
YEL060C_mRNA	YEL060C	247	2199	495.0	0.2251	216.4	1590.0	0.004	0.0	19.0	0.4008	2.4453	43.8583
YEL061C_mRNA	YEL061C	65	3390	597.0	0.1761	976.2	2659.0	0.0	4.6	108.0	0.0769	1.8308	54.3231
YEL062W_mRNA	YEL062W	112	2162	483.5	0.2236	20.0	1571.0	0.0357	0.0	5.0	0.5982	2.4554	66.625
YEL063C_mRNA	YEL063C	161	2336	460.0	0.1969	18.0	1634.0	0.0497	12.0	34.0	0.0373	10.677	47.8944
YEL064C_mRNA	YEL064C	33	1887	369.0	0.1955	83.2	1443.0	0.0	6.0	44.0	0.2121	1.0909	46.0
YEL065W_mRNA	YEL065W	28	2280	801.5	0.3515	270.3	1410.0	0.0357	0.35	6.0	0.6786	8.0	46.3214
YEL066W_mRNA	YEL066W	80	1174	555.0	0.4727	573.1	614.0	0.0	0.0	7.0	0.6625	2.125	43.85
YEL067C_mRNA	YEL067C	34	1394	559.5	0.4014	798.65	832.0	0.0	0.0	2.0	0.9118	2.4706	27.8824
YEL068C_mRNA	YEL068C	63	1113	530.0	0.4762	499.6	566.0	0.0159	1.0	11.0	0.4921	1.8889	47.9683
YEL070W_mRNA	YEL070W	8	2009	782.0	0.3892	871.05	1220.0	0.0	1.0	5.0	1.0	1.5	49.625
YEL071W_mRNA	YEL071W	1056	1832	567.5	0.3098	56.0	1095.0	0.0009	140.0	154.5	0.0019	2.0142	43.2311
YEL072W_mRNA	YEL072W	63	1172	555.0	0.4735	28.0	391.0	0.0	18.7	87.0	0.0476	4.6508	50.9206
YEL073C_mRNA	YEL073C	117	1286	506.0	0.3935	238.0	670.0	0.0	0.0	118.0	0.3419	30.0769	68.9573
YEL074W_mRNA	YEL074W	1	339	67.0	0.1976	272.0	272.0	0.0	0.0	0.0	1.0	2.0	222.0
YEL076C_mRNA	YEL076C	1	651	299.0	0.4593	299.0	299.0	0.0	53.0	53.0	0.0	0.0	77.0
YEL077C_mRNA	YEL077C	47	4215	338.0	0.0802	1427.8	3483.0	0.0	184.0	196.0	0.0	7.6383	30.0638
YIL001W_mRNA	YIL001W	34	1740	906.0	0.5207	13.65	436.5	0.0294	27.75	103.0	0.0588	1.2353	53.5882
YIL002C_mRNA	YIL002C	30	3208	510.0	0.159	414.25	2616.0	0.0	7.15	88.0	0.0667	2.9333	44.0667
YIL002W-A_mRNA	YIL002W-A	351	539	305.0	0.5659	0.0	12.0	0.4558	134.5	219.0	0.0	2.6667	36.6268
YIL003W_mRNA	YIL003W	68	1423	735.0	0.5165	405.35	622.0	0.0	0.0	15.0	0.3824	3.4118	36.2941
YIL004C_mRNA	YIL004C	147	966	509.0	0.5269	344.3	367.0	0.0	4.0	23.0	0.3946	5.9048	43.6735
YIL005W_mRNA	YIL005W	126	2448	513.0	0.2096	121.0	1887.0	0.0	0.25	9.0	0.5476	3.2698	48.4127
YIL006W_mRNA	YIL006W	12	1561	358.5	0.2297	157.3	1143.5	0.0	0.0	1.5	0.9167	4.5833	77.1667
YIL007C_mRNA	YIL007C	67	1030	783.0	0.7602	159.1	209.0	0.0149	0.0	5.0	0.7463	4.791	50.4179
YIL008W_mRNA	YIL008W	612	1125	472.0	0.4196	0.0	33.0	0.1454	608.0	615.0	0.0	2.4967	39.2761
YIL009C-A_mRNA	YIL009C-A	132	828	580.0	0.7005	1.0	40.0	0.1288	106.0	172.0	0.0076	9.8182	49.947
YIL009W_mRNA	YIL009W	156	2883	554.0	0.1922	564.75	2297.5	0.0128	0.75	14.0	0.3077	7.8141	66.6731
YIL010W_mRNA	YIL010W	118	950	650.5	0.6847	88.85	284.0	0.0	0.0	7.0	0.5847	2.3475	42.6864
YIL011W_mRNA	YIL011W	63	1133	575.0	0.5075	170.3	508.0	0.0	5.0	21.0	0.4127	2.2857	51.6984
YIL013C_mRNA	YIL013C	36	4540	418.0	0.0921	2502.0	4070.0	0.0	0.0	6.5	0.6667	2.75	57.8333
YIL014C-A_mRNA	YIL014C-A	29	611	515.0	0.8429	11.0	60.0	0.0345	0.0	3.0	0.7241	2.6207	42.8621
YIL014W_mRNA	YIL014W	200	2200	585.5	0.2661	36.0	1557.0	0.0	0.0	31.0	0.22	2.68	49.86
YIL015W_mRNA	YIL015W	25	1894	272.0	0.1436	1083.8	1617.0	0.04	1.0	4.0	0.8	13.6	54.84
YIL016W_mRNA	YIL016W	112	783	388.5	0.4962	190.1	356.0	0.0	0.0	3.0	0.875	1.6518	44.1518
YIL017C_mRNA	YIL017C	63	2951	442.0	0.1498	806.6	2363.0	0.0159	0.0	27.0	0.3651	5.619	67.8571
YIL018W_mRNA	YIL018W	9792	2203	779.0	0.3536	1313.0	1368.0	0.0003	1.0	19.0	0.1409	2.1058	46.3208
YIL019W_mRNA	YIL019W	34	1688	358.0	0.2121	31.3	868.0	0.0	431.0	472.0	0.0	1.4412	36.0588
YIL020C-A_mRNA	YIL020C-A	34	1185	654.5	0.5523	2.0	296.0	0.1176	184.0	226.0	0.0	6.2647	40.2647
YIL020C_mRNA	YIL020C	34	998	580.5	0.5817	46.65	383.0	0.0	21.65	30.0	0.0	2.3824	67.1176
YIL021W_mRNA	YIL021W	109	1295	583.0	0.4502	7.2	563.0	0.0734	99.0	120.0	0.0	2.945	48.1927
YIL022W_mRNA	YIL022W	161	1746	448.0	0.2566	527.0	1191.0	0.0	73.0	108.0	0.0062	1.764	44.6149
YIL023C_mRNA	YIL023C	53	1263	756.0	0.5986	0.6	379.0	0.2075	0.0	0.0	0.8491	3.0566	55.0
YIL024C_mRNA	YIL024C	88	1924	495.5	0.2575	3.0	713.5	0.1364	3.75	801.5	0.0682	4.8523	48.3182
YIL025C_mRNA	YIL025C	8	1082	416.5	0.3849	220.85	389.0	0.0	270.65	289.0	0.0	7.375	25.25
YIL026C_mRNA	YIL026C	71	4170	495.0	0.1187	1624.0	3648.0	0.0	0.0	15.0	0.4366	1.6056	58.169
YIL027C_mRNA	YIL027C	571	698	536.0	0.7679	5.0	26.0	0.1278	73.0	129.0	0.0035	2.7233	35.2697
YIL028W_mRNA	YIL028W	29	2102	433.0	0.206	36.4	1352.0	0.0345	0.4	300.0	0.2069	2.2069	43.4828
YIL029C_mRNA	YIL029C	89	940	768.0	0.817	27.0	172.0	0.0225	0.0	12.0	0.4382	3.2697	56.9438
YIL030C_mRNA	YIL030C	297	4387	617.0	0.1406	1276.8	3689.0	0.0067	0.0	56.0	0.1481	2.2189	47.3603
YIL030W-A_mRNA	YIL030W-A	21	1271	447.0	0.3517	336.0	741.0	0.0	36.0	58.0	0.0	3.0	13.8095
YIL031W_mRNA	YIL031W	30	3421	726.5	0.2124	52.2	2328.0	0.0333	1.45	34.0	0.2333	1.3667	38.7667
YIL033C_mRNA	YIL033C	190	1734	680.5	0.3924	199.0	1017.0	0.0	8.0	18.0	0.3263	3.0053	45.7316
YIL034C_mRNA	YIL034C	282	1297	452.5	0.3489	43.0	529.5	0.0071	289.0	307.0	0.0	3.0674	33.9645
YIL035C_mRNA	YIL035C	244	1882	657.0	0.3491	10.15	794.0	0.0533	280.0	508.0	0.0	4.1066	47.332
YIL036W_mRNA	YIL036W	156	2100	742.5	0.3536	22.25	1276.0	0.0064	0.0	60.0	0.4038	3.8205	53.5192
YIL037C_mRNA	YIL037C	11	1971	476.0	0.2415	856.0	1495.0	0.0	0.0	0.0	1.0	6.9091	111.1818
YIL038C_mRNA	YIL038C	191	2903	508.0	0.175	1310.5	2370.0	0.0157	0.0	3.0	0.6335	2.7382	50.8115
YIL039W_mRNA	YIL039W	317	1828	484.0	0.2648	158.0	1218.0	0.0032	33.8	128.0	0.0379	1.9811	44.6309
YIL040W_mRNA	YIL040W	514	568	500.5	0.8812	0.0	15.0	0.1654	37.0	52.0	0.0175	3.9553	49.3366
YIL041W_mRNA	YIL041W	300	1215	801.5	0.6597	6.0	238.0	0.0667	51.0	126.0	0.0033	2.5233	44.1267
YIL042C_mRNA	YIL042C	42	1391	369.0	0.2653	54.5	905.5	0.0	0.0	17.0	0.1429	2.9762	37.8333
YIL043C_mRNA	YIL043C	886	1068	742.0	0.6948	41.0	270.0	0.0	41.0	52.0	0.0068	2.3533	41.7077
YIL044C_mRNA	YIL044C	106	1157	503.5	0.4352	72.0	604.5	0.0	2.0	37.0	0.3962	3.3962	42.9623
YIL045W_mRNA	YIL045W	95	1861	465.0	0.2499	91.3	1370.0	0.0316	0.0	8.0	0.6316	8.1263	45.4842
YIL046W_mRNA	YIL046W	58	2148	528.5	0.246	553.05	1563.0	0.0	0.0	45.0	0.1552	1.9828	49.8966
YIL047C-A_mRNA	YIL047C-A	113	2833	398.0	0.1405	1053.4	2403.0	0.0177	0.0	5.0	0.5664	4.4513	40.0796
YIL047C_mRNA	YIL047C	36	2899	472.0	0.1628	15.0	1552.5	0.0278	0.0	20.5	0.4444	10.0	57.9722
YIL048W_mRNA	YIL048W	119	3885	541.0	0.1393	173.9	3273.0	0.0168	1.0	9.0	0.5546	3.8487	57.1513
YIL049W_mRNA	YIL049W	60	896	477.0	0.5324	31.6	176.0	0.0333	33.85	49.0	0.0167	3.9	55.7833
YIL050W_mRNA	YIL050W	107	1271	613.0	0.4823	0.0	261.0	0.1963	0.0	3.0	0.6168	17.7103	52.7664
YIL051C_mRNA	YIL051C	718	758	572.5	0.7553	0.0	30.0	0.2744	141.0	152.0	0.0028	5.7521	42.273
YIL052C_mRNA	YIL052C	4941	737	443.0	0.6011	44.0	65.0	0.0075	171.0	201.0	0.0006	2.0941	35.1573
YIL053W_mRNA	YIL053W	3809	1235	543.0	0.4397	89.0	451.0	0.0018	213.0	223.0	0.0	2.6902	46.87
YIL055C_mRNA	YIL055C	61	2805	363.0	0.1294	755.0	2437.0	0.0	0.0	0.0	0.8689	2.6393	72.5082
YIL056W_mRNA	YIL056W	154	2321	524.0	0.2258	188.8	1695.5	0.0065	0.0	3.0	0.6494	5.3312	70.2338
YIL057C_mRNA	YIL057C	10	674	313.5	0.4651	0.0	5.5	0.6	0.0	39.5	0.4	149.1	56.8
YIL059C_mRNA	YIL059C	168	1479	174.0	0.1176	546.35	921.0	0.006	234.0	377.0	0.0	74.7024	77.3631
YIL060W_mRNA	YIL060W	11	435	113.0	0.2598	2.5	11.0	0.3636	297.0	303.0	0.0	21.5455	54.5455
YIL061C_mRNA	YIL061C	22	974	449.0	0.461	29.45	500.0	0.0	0.05	7.5	0.5909	2.6818	43.5909
YIL062C_mRNA	YIL062C	419	727	551.0	0.7579	11.0	26.0	0.0358	79.9	144.0	0.0	5.0668	42.9594
YIL063C_mRNA	YIL063C	321	1169	589.0	0.5038	20.0	487.0	0.0	75.0	97.0	0.0031	2.3022	40.9128
YIL064W_mRNA	YIL064W	262	1238	690.5	0.5578	504.0	538.5	0.0	0.0	0.0	0.8321	2.2557	76.5802
YIL065C_mRNA	YIL065C	166	757	544.0	0.7186	44.25	72.0	0.012	87.0	138.0	0.0	2.7952	40.3795
YIL066C_mRNA	YIL066C	9	2877	423.0	0.147	1097.2	2434.0	0.0	0.0	10.0	0.7778	1.2222	35.3333
YIL067C_mRNA	YIL067C	58	2213	688.5	0.3111	12.0	1412.5	0.0172	29.0	48.0	0.0	4.3621	42.5
YIL068C_mRNA	YIL068C	60	2588	701.0	0.2709	12.0	1609.5	0.0333	0.0	30.0	0.35	2.65	67.7167
YIL069C_mRNA	YIL069C	2595	831	584.0	0.7028	176.0	228.0	0.0	0.0	10.0	0.5453	4.2023	45.3291
YIL070C_mRNA	YIL070C	151	1037	522.0	0.5034	52.0	480.0	0.0132	2.0	33.0	0.0861	6.3179	40.3179
YIL071C_mRNA	YIL071C	68	1653	633.5	0.3832	22.0	809.0	0.0294	5.7	85.0	0.0735	1.2794	54.2206
YIL072W_mRNA	YIL072W	14	2002	743.0	0.3711	1013.65	1256.5	0.0	0.0	2.0	0.9286	1.6429	97.5
YIL073C_mRNA	YIL073C	35	3372	611.0	0.1812	1614.1	2694.0	0.0	0.0	55.0	0.4571	1.4857	100.7714
YIL074C_mRNA	YIL074C	242	1653	533.0	0.3224	95.0	1069.5	0.0	0.15	55.0	0.0744	2.2149	43.8843
YIL075C_mRNA	YIL075C	264	3006	483.5	0.1608	40.15	2472.0	0.0	0.0	8.0	0.7614	2.1098	47.0038
YIL076W_mRNA	YIL076W	880	1458	785.0	0.5384	385.95	585.5	0.0	0.0	51.0	0.358	2.6057	59.2852
YIL077C_mRNA	YIL077C	126	1636	351.5	0.2149	8.0	35.0	0.1032	0.0	1255.5	0.1984	2.0476	49.127
YIL078W_mRNA	YIL078W	1802	2534	599.0	0.2364	18.0	1723.0	0.0244	192.0	207.0	0.0	2.3069	41.2236
YIL079C_mRNA	YIL079C	51	1420	362.0	0.2549	211.5	1053.0	0.0	0.0	6.0	0.6275	4.5098	46.0392
YIL082W-A_mRNA	YIL082W-A	4	4497	1141.5	0.2538	2196.1	2963.0	0.0	2.45	379.5	0.5	1.75	250.5
YIL082W_mRNA	YIL082W	1	911	355.0	0.3897	0.0	0.0	1.0	556.0	556.0	0.0	146.0	72.0
YIL083C_mRNA	YIL083C	122	1805	588.5	0.326	220.05	873.0	0.0164	172.0	299.0	0.0082	4.4508	44.6148
YIL084C_mRNA	YIL084C	17	2167	540.0	0.2492	18.8	997.0	0.0588	13.2	689.0	0.0588	1.7059	61.4706
YIL085C_mRNA	YIL085C	68	2536	872.0	0.3438	25.55	1523.5	0.0588	0.0	6.5	0.7059	13.2059	41.8382
YIL086C_mRNA	YIL086C	65	1851	397.0	0.2145	221.4	715.0	0.0154	2.0	821.0	0.0923	3.3231	48.7692
YIL087C_mRNA	YIL087C	38	801	554.0	0.6916	168.0	240.0	0.0	0.0	5.5	0.5789	2.2895	51.9737
YIL088C_mRNA	YIL088C	237	1678	462.0	0.2753	27.8	1175.0	0.0	19.0	40.0	0.0211	1.5781	38.8692
YIL089W_mRNA	YIL089W	53	1166	315.0	0.2702	49.8	772.0	0.0189	0.0	5.0	0.6981	4.6981	68.717
YIL090W_mRNA	YIL090W	124	1980	576.0	0.2909	51.0	1354.0	0.0	0.0	9.0	0.6613	2.5565	46.6532
YIL091C_mRNA	YIL091C	168	2304	542.0	0.2352	435.1	1737.0	0.0	0.0	25.0	0.131	1.9167	54.506
YIL092W_mRNA	YIL092W	15	2098	685.0	0.3265	74.9	1351.0	0.0	0.0	6.0	0.6	0.5333	86.4667
YIL093C_mRNA	YIL093C	32	1038	557.0	0.5366	22.6	437.5	0.0625	0.0	17.0	0.4375	2.0312	45.5938
YIL094C_mRNA	YIL094C	821	1755	586.0	0.3339	47.0	727.0	0.0061	319.0	418.0	0.0061	2.0621	39.8112
YIL095W_mRNA	YIL095W	53	2730	616.0	0.2256	628.0	1994.0	0.0189	21.8	57.0	0.0189	12.3774	43.6226
YIL096C_mRNA	YIL096C	136	1278	644.5	0.5043	89.75	577.5	0.0	0.0	36.0	0.2574	1.6912	43.0074
YIL097W_mRNA	YIL097W	90	1723	498.5	0.2893	27.0	1126.0	0.0333	0.0	33.0	0.3	3.7556	60.0222
YIL098C_mRNA	YIL098C	111	642	536.0	0.8349	55.0	93.0	0.0	0.0	4.0	0.9009	1.6126	42.7117
YIL099W_mRNA	YIL099W	16	2177	286.5	0.1316	35.0	1761.5	0.0	0.0	1.0	0.75	4.0625	51.3125
YIL101C_mRNA	YIL101C	8	2176	428.5	0.1969	822.2	1719.0	0.0	0.7	7.5	0.625	3.75	55.75
YIL102C-A_mRNA	YIL102C-A	65	1470	488.0	0.332	26.2	250.0	0.0154	13.0	841.0	0.0462	6.5692	47.3846
YIL103W_mRNA	YIL103W	161	1485	1119.0	0.7535	25.0	190.0	0.0	43.0	61.0	0.0	2.9317	46.646
YIL104C_mRNA	YIL104C	55	1679	638.0	0.38	34.8	1034.0	0.0	0.7	7.0	0.7273	3.3273	40.3818
YIL105C_mRNA	YIL105C	164	2353	657.5	0.2794	126.45	1577.5	0.0122	0.0	122.0	0.2439	4.7317	57.5244
YIL106W_mRNA	YIL106W	89	1229	371.0	0.3019	62.4	769.0	0.0	40.2	86.0	0.0112	2.5393	41.2247
YIL107C_mRNA	YIL107C	77	2916	470.0	0.1612	406.4	2337.0	0.039	0.0	1.0	0.7403	3.026	52.9091
YIL108W_mRNA	YIL108W	90	2445	434.5	0.1777	102.75	1829.0	0.0222	99.9	111.0	0.0	2.6667	38.1222
YIL109C_mRNA	YIL109C	556	3055	493.0	0.1614	442.0	2486.5	0.0036	1.0	67.0	0.1169	3.3453	45.9388
YIL110W_mRNA	YIL110W	383	1450	775.0	0.5345	7.0	481.0	0.0548	79.0	128.0	0.0052	3.4282	48.7624
YIL111W_mRNA	YIL111W	349	898	492.0	0.5479	366.6	400.0	0.0086	0.0	1.0	0.9198	6.4441	75.9857
YIL112W_mRNA	YIL112W	75	3588	449.0	0.1251	2526.2	3120.0	0.0	0.0	14.0	0.4133	2.8667	65.3467
YIL113W_mRNA	YIL113W	37	1039	716.0	0.6891	30.4	84.0	0.0541	201.4	243.0	0.0	10.7297	42.0
YIL114C_mRNA	YIL114C	71	1171	745.0	0.6362	140.0	322.0	0.0	38.0	103.0	0.0282	2.7465	53.1408
YIL115C_mRNA	YIL115C	211	4818	569.0	0.1181	2057.0	4205.0	0.0	0.0	6.0	0.7393	3.2796	57.7678
YIL116W_mRNA	YIL116W	279	1311	616.0	0.4699	37.7	607.0	0.0072	0.0	1.0	0.7384	1.9892	55.2724
YIL117C_mRNA	YIL117C	853	1242	575.0	0.463	114.0	647.0	0.0	0.0	0.0	0.7444	2.5756	52.5264
YIL118W_mRNA	YIL118W	371	1027	744.0	0.7244	25.0	201.0	0.0027	3.5	18.0	0.2803	2.8922	49.4987
YIL119C_mRNA	YIL119C	84	1736	473.0	0.2725	34.0	1180.0	0.0119	0.0	26.0	0.4524	3.2738	87.2857
YIL120W_mRNA	YIL120W	62	2201	507.0	0.2303	1238.1	1661.0	0.0	3.05	16.0	0.3548	1.9194	42.5645
YIL121W_mRNA	YIL121W	39	2124	387.0	0.1822	4.9	1098.0	0.1282	309.0	337.0	0.0256	2.5641	38.7436
YIL122W_mRNA	YIL122W	38	1499	527.5	0.3519	41.35	933.5	0.0	1.0	4.5	0.7632	3.6316	43.5789
YIL123W_mRNA	YIL123W	623	2004	386.0	0.1926	39.0	1588.0	0.0048	1.0	11.0	0.4478	6.9807	40.1862
YIL124W_mRNA	YIL124W	363	1327	758.0	0.5712	0.0	241.0	0.1598	231.1	285.0	0.0	3.292	45.5344
YIL125W_mRNA	YIL125W	186	3593	540.5	0.1504	960.5	2955.0	0.0	5.25	23.5	0.3495	3.086	54.1559
YIL126W_mRNA	YIL126W	85	4291	556.0	0.1296	598.6	3678.0	0.0	0.2	6.0	0.7294	1.2706	39.5176
YIL127C_mRNA	YIL127C	244	1313	594.5	0.4528	6.0	81.5	0.0861	476.3	571.0	0.0041	2.582	45.6311
YIL128W_mRNA	YIL128W	131	3286	905.0	0.2754	87.5	2326.0	0.0229	0.0	8.0	0.5496	3.1832	54.7023
YIL129C_mRNA	YIL129C	122	7681	514.5	0.067	1406.2	7015.5	0.0	0.0	15.5	0.4508	1.4672	49.1066
YIL130W_mRNA	YIL130W	121	3168	460.0	0.1452	425.0	2686.0	0.0083	0.0	12.0	0.4628	1.6694	52.5785
YIL131C_mRNA	YIL131C	41	1769	332.0	0.1877	40.0	1327.0	0.0244	83.0	90.0	0.0	10.6585	42.6829
YIL132C_mRNA	YIL132C	15	1267	438.0	0.3457	431.1	686.0	0.0	0.0	12.0	0.4667	3.6	50.5333
YIL133C_mRNA	YIL133C	2960	904	665.0	0.7356	59.0	82.0	0.0017	119.0	139.0	0.002	3.2301	39.9061
YIL134C-A_mRNA	YIL134C-A	1	794	500.0	0.6297	71.0	71.0	0.0	223.0	223.0	0.0	1.0	91.0
YIL134W_mRNA	YIL134W	122	1291	287.5	0.2227	0.0	248.0	0.2049	0.0	46.5	0.4098	6.3443	54.377
YIL135C_mRNA	YIL135C	82	1687	520.5	0.3085	177.05	1154.0	0.0	0.0	10.0	0.6341	3.6098	54.6463
YIL136W_mRNA	YIL136W	34	1343	280.5	0.2089	327.5	1031.0	0.0	0.0	4.0	0.5882	7.2647	73.9412
YIL137C_mRNA	YIL137C	129	2995	452.0	0.1509	608.4	2479.0	0.0078	14.4	28.0	0.0388	3.5659	42.9535
YIL138C_mRNA	YIL138C	663	1282	591.0	0.461	9.0	255.0	0.0875	420.0	430.0	0.003	1.9442	46.908
YIL139C_mRNA	YIL139C	152	1080	521.5	0.4829	198.65	548.5	0.0197	0.0	5.5	0.8289	8.3553	48.5132
YIL140W_mRNA	YIL140W	71	2913	381.0	0.1308	851.5	2514.0	0.0	0.0	6.0	0.6761	2.9296	39.4225
YIL142W_mRNA	YIL142W	465	1794	754.0	0.4203	0.0	902.0	0.114	123.0	133.0	0.0	1.8925	45.8452
YIL143C_mRNA	YIL143C	110	2821	507.5	0.1799	80.95	2019.0	0.0	0.0	11.0	0.4727	1.0818	54.0636
YIL144W_mRNA	YIL144W	68	2358	653.5	0.2771	137.15	1410.5	0.0294	0.7	36.5	0.2059	2.1324	51.4559
YIL145C_mRNA	YIL145C	241	1522	521.0	0.3423	2.0	573.0	0.0954	92.0	443.0	0.0	4.1701	45.5062
YIL146C_mRNA	YIL146C	28	2287	301.5	0.1318	86.35	395.5	0.0	1.75	69.0	0.2857	4.5714	47.7143
YIL147C_mRNA	YIL147C	98	4151	519.0	0.125	1281.9	3509.0	0.0	0.0	9.5	0.5102	2.7857	47.949
YIL148W_mRNA	YIL148W	20305	1020	453.0	0.4441	549.0	564.0	0.0	0.0	3.0	0.7499	2.3284	45.6143
YIL149C_mRNA	YIL149C	78	5140	446.0	0.0868	288.95	4531.5	0.0256	0.0	4.0	0.7692	3.9744	47.4487
YIL150C_mRNA	YIL150C	7	1716	314.0	0.183	926.1	1237.0	0.0	0.0	0.0	0.7143	1.7143	186.7143
YIL151C_mRNA	YIL151C	96	3571	523.5	0.1466	4.5	2762.0	0.0625	0.0	17.0	0.4479	17.7917	54.5104
YIL152W_mRNA	YIL152W	79	933	404.0	0.433	88.1	516.0	0.0	0.0	14.0	0.4557	2.519	59.6203
YIL153W_mRNA	YIL153W	70	1269	742.5	0.5851	10.8	508.0	0.0571	0.0	12.0	0.3	6.7857	44.3
YIL154C_mRNA	YIL154C	116	1352	681.0	0.5037	243.75	450.0	0.0086	141.0	216.0	0.0345	2.7759	53.0
YIL155C_mRNA	YIL155C	82	2496	403.0	0.1615	839.5	2034.5	0.0	0.0	6.0	0.7439	3.2683	69.7927
YIL156W-A_mRNA	YIL156W-A	2	402	400.5	0.9963	1.05	1.5	1.0	0.0	0.0	1.0	0.0	383.5
YIL156W-B_mRNA	YIL156W-B	650	455	306.0	0.6725	3.0	14.5	0.2292	91.0	132.5	0.0	6.7877	46.0785
YIL156W_mRNA	YIL156W	74	3460	573.5	0.1658	1689.25	2822.0	0.0	0.0	28.0	0.4595	1.7027	46.8243
YIL157C_mRNA	YIL157C	263	879	698.0	0.7941	19.2	76.0	0.0076	42.0	70.0	0.0	2.1673	51.8669
YIL158W_mRNA	YIL158W	175	781	666.0	0.8528	7.0	101.0	0.0686	2.0	17.0	0.2686	5.1371	42.8971
YIL159W_mRNA	YIL159W	40	4532	423.0	0.0933	1405.9	4026.0	0.0	1.9	51.5	0.275	2.325	38.7
YIL160C_mRNA	YIL160C	1	1405	187.0	0.1331	1218.0	1218.0	0.0	0.0	0.0	1.0	0.0	45.0
YIL161W_mRNA	YIL161W	116	826	554.0	0.6707	28.0	206.0	0.0086	43.5	57.0	0.0	1.9569	43.2586
YIL162W_mRNA	YIL162W	93	1860	742.0	0.3989	21.2	1108.0	0.0323	0.0	2.0	0.6774	2.172	49.0753
YIL163C_mRNA	YIL163C	2	354	297.0	0.839	27.25	56.5	0.0	0.05	0.5	1.0	0.0	235.0
YIL164C_mRNA	YIL164C	19	1526	491.0	0.3218	4.6	446.0	0.1053	0.0	4.0	0.5789	73.9474	55.2632
YIL165C_mRNA	YIL165C	138	1537	565.0	0.3676	281.55	862.0	0.0072	74.7	122.0	0.0217	2.3913	43.2174
YIL166C_mRNA	YIL166C	33	2602	463.0	0.1779	1463.0	1909.0	0.0	0.0	1.0	0.6667	1.697	70.4242
YIL167W_mRNA	YIL167W	42	1017	549.5	0.5403	0.0	421.0	0.2143	0.0	2.0	0.7143	13.7143	218.9286
YIL169C_mRNA	YIL169C	3	3339	982.0	0.2941	1139.3	2357.0	0.0	0.0	0.0	0.6667	12.6667	182.3333
YIL172C_mRNA	YIL172C	9	2098	590.0	0.2812	1261.0	1498.0	0.0	2.0	14.0	0.3333	1.2222	61.4444
YIL173W_mRNA	YIL173W	70	5173	501.0	0.0968	1649.55	4465.5	0.0	1.9	126.5	0.3571	3.3429	55.5286
YIL176C_mRNA	YIL176C	2	363	229.5	0.6322	100.65	133.5	0.0	0.0	0.0	1.0	0.0	128.5
YIL177C_mRNA	YIL177C	43	5759	368.0	0.0639	2156.3	4957.0	0.0	404.3	417.0	0.0	1.0	31.907
YIL177W-A_mRNA	YIL177W-A	1	483	172.0	0.3561	229.0	229.0	0.0	82.0	82.0	0.0	0.0	9.0
YIR001C_mRNA	YIR001C	98	1159	460.5	0.3973	21.0	680.5	0.0204	7.85	10.0	0.5204	3.1327	52.4184
YIR002C_mRNA	YIR002C	136	3181	471.5	0.1482	1606.5	2668.0	0.0074	0.0	7.0	0.8088	3.4632	46.0588
YIR003W_mRNA	YIR003W	47	2251	501.0	0.2226	125.5	1628.0	0.0	0.0	1.0	0.8936	2.0426	54.6383
YIR004W_mRNA	YIR004W	109	1499	633.0	0.4223	21.4	729.0	0.0183	37.4	51.0	0.0	1.9633	40.0367
YIR005W_mRNA	YIR005W	114	765	464.0	0.6065	203.0	287.0	0.0	0.0	7.0	0.7982	1.8684	46.2281
YIR006C_mRNA	YIR006C	161	4584	614.0	0.1339	3106.0	3962.0	0.0	0.0	4.0	0.6646	2.0373	39.9503
YIR007W_mRNA	YIR007W	16	2412	335.5	0.1391	616.25	1814.0	0.0	0.75	23.0	0.1875	0.6875	29.6875
YIR008C_mRNA	YIR008C	97	1669	547.0	0.3277	23.4	795.0	0.0412	251.2	311.0	0.0	2.7216	46.4021
YIR009W_mRNA	YIR009W	51	1403	446.0	0.3179	568.0	935.0	0.0	0.0	1.0	0.7255	2.6471	39.6275
YIR010W_mRNA	YIR010W	46	1933	438.5	0.2268	299.75	1493.5	0.0217	0.0	1.0	0.8478	1.0435	53.2174
YIR011C_mRNA	YIR011C	234	1103	665.0	0.6029	23.0	407.5	0.0043	0.0	2.0	0.8803	2.1111	52.7051
YIR012W_mRNA	YIR012W	314	1471	618.5	0.4205	7.0	777.0	0.0987	37.65	92.0	0.0064	1.9522	42.9013
YIR013C_mRNA	YIR013C	1	1044	229.0	0.2193	789.0	789.0	0.0	26.0	26.0	0.0	0.0	81.0
YIR014W_mRNA	YIR014W	1	729	690.0	0.9465	39.0	39.0	0.0	0.0	0.0	1.0	11.0	393.0
YIR016W_mRNA	YIR016W	57	1573	701.0	0.4456	213.6	870.0	0.0	0.0	2.0	0.8596	2.6491	41.5088
YIR017C_mRNA	YIR017C	87	1029	467.0	0.4538	275.0	510.0	0.0	0.0	14.0	0.4023	1.5747	47.1264
YIR018C-A_mRNA	YIR018C-A	126	1140	534.5	0.4689	0.0	202.5	0.1508	330.0	402.0	0.0	25.7063	42.6429
YIR018W_mRNA	YIR018W	26	1884	431.5	0.229	694.25	1113.0	0.0	0.25	69.5	0.3077	3.7692	33.2308
YIR019C_mRNA	YIR019C	8	5046	431.5	0.0855	77.7	330.0	0.0	4164.95	4305.5	0.0	10.125	53.25
YIR020C_mRNA	YIR020C	32	3372	545.0	0.1616	905.3	2648.0	0.0625	60.0	69.0	0.0	8.4062	44.125
YIR021W-A_mRNA	YIR021W-A	101	833	605.0	0.7263	172.0	214.0	0.0	0.0	6.0	0.8119	1.5644	39.1782
YIR021W_mRNA	YIR021W	37	1264	452.0	0.3576	31.0	774.0	0.0	31.4	43.0	0.0541	2.9189	34.8649
YIR022W_mRNA	YIR022W	132	906	605.0	0.6678	16.65	40.0	0.0152	222.55	253.0	0.0076	1.0	40.6591
YIR023W_mRNA	YIR023W	49	2995	303.0	0.1012	184.6	2670.0	0.0204	0.0	6.0	0.6327	3.3673	74.6735
YIR024C_mRNA	YIR024C	53	898	391.0	0.4354	50.0	446.0	0.0189	0.0	121.0	0.2075	1.7925	43.5849
YIR025W_mRNA	YIR025W	10	1300	454.5	0.3496	319.0	821.5	0.0	6.75	23.0	0.1	4.7	49.8
YIR026C_mRNA	YIR026C	197	1380	559.0	0.4051	5.4	639.0	0.0609	89.0	161.0	0.0	5.3959	36.9492
YIR027C_mRNA	YIR027C	10	1383	250.5	0.1811	567.85	1132.5	0.0	0.0	0.0	0.9	4.8	168.4
YIR028W_mRNA	YIR028W	22	1908	415.0	0.2175	971.05	1487.5	0.0	0.0	0.0	1.0	2.4545	147.3182
YIR029W_mRNA	YIR029W	16	1393	741.5	0.5323	93.75	439.0	0.0625	125.75	164.0	0.0	16.5625	34.0625
YIR030C_mRNA	YIR030C	88	843	713.0	0.8458	23.7	102.0	0.0114	0.0	3.0	0.8409	3.5568	48.4886
YIR030W-A_mRNA	YIR030W-A	4	384	157.0	0.4089	0.0	0.0	1.0	210.0	227.0	0.0	107.25	54.5
YIR031C_mRNA	YIR031C	125	1870	769.0	0.4112	46.0	1015.0	0.008	0.0	13.0	0.424	2.328	48.992
YIR032C_mRNA	YIR032C	125	831	589.0	0.7088	46.0	169.0	0.008	9.4	67.0	0.056	1.872	41.384
YIR033W_mRNA	YIR033W	335	3546	530.0	0.1495	504.9	2982.0	0.003	6.0	37.0	0.0657	2.3821	41.4896
YIR034C_mRNA	YIR034C	249	1357	672.0	0.4952	47.0	562.0	0.0	71.6	102.0	0.0402	3.9478	42.1285
YIR035C_mRNA	YIR035C	364	1373	705.0	0.5135	480.0	627.5	0.0055	0.0	11.0	0.4973	2.4011	47.5879
YIR036C_mRNA	YIR036C	45	1102	550.0	0.4991	23.4	351.0	0.0444	68.6	194.0	0.0222	4.0889	54.2667
YIR037W_mRNA	YIR037W	388	801	560.5	0.6998	19.0	108.0	0.0284	51.0	139.0	0.0	2.549	42.9923
YIR038C_mRNA	YIR038C	93	1580	453.0	0.2867	733.0	1126.0	0.0	0.0	2.0	0.9032	2.9032	52.5591
YIR039C_mRNA	YIR039C	66	2025	705.5	0.3484	136.0	1307.5	0.0152	0.25	16.0	0.3485	3.3939	51.7273
YIR041W_mRNA	YIR041W	14	1925	275.0	0.1429	20.8	1145.0	0.0714	2.0	29.5	0.3571	17.7143	53.6429
YIR042C_mRNA	YIR042C	86	1359	567.5	0.4176	173.25	689.0	0.0116	0.0	10.0	0.5233	3.0581	73.0698
YIR043C_mRNA	YIR043C	12	1137	212.0	0.1865	150.7	922.5	0.0	0.0	2.0	0.8333	1.1667	267.9167
YNCQ0006W_mRNA	YNCQ0006W	179	1143	329.0	0.2878	0.0	63.0	0.3631	4.0	482.0	0.2402	114.6313	50.8547
YEL001C_mRNA	YEL001C	514	1022	742.5	0.7265	7.0	56.5	0.2004	206.0	213.0	0.0019	4.5	43.0759
YEL002C_mRNA	YEL002C	488	1515	584.5	0.3858	23.0	856.0	0.0143	9.0	81.0	0.0799	2.7869	52.2643
YEL003W_mRNA	YEL003W	631	684	452.0	0.6608	214.0	224.0	0.0079	0.0	5.0	0.8177	7.6403	44.5119
YEL004W_mRNA	YEL004W	52	1427	460.5	0.3227	35.0	676.5	0.0	0.0	27.0	0.4808	2.3462	70.5192
YEL005C_mRNA	YEL005C	59	1450	289.0	0.1993	484.7	1083.0	0.0	0.0	10.0	0.5085	1.9153	52.678
YEL006W_mRNA	YEL006W	148	1449	500.0	0.3451	12.0	702.0	0.0473	1.0	16.0	0.4392	3.9189	47.5608
YEL007W_mRNA	YEL007W	125	2277	502.0	0.2205	9.2	1652.0	0.064	0.0	4.0	0.776	7.656	99.8
YEL008C-A_mRNA	YEL008C-A	4	760	204.5	0.2691	145.75	530.5	0.0	3.4	20.5	0.25	2.75	67.0
YEL008W_mRNA	YEL008W	4	861	625.5	0.7265	184.1	235.5	0.0	0.0	0.0	0.75	0.25	81.75
YEL009C-A_mRNA	YEL009C-A	3770	1316	259.0	0.1968	1018.0	1047.0	0.0	0.0	5.0	0.7366	30.6631	55.4934
YEL009C_mRNA	YEL009C	2241	1669	581.0	0.3481	161.0	983.0	0.0	0.0	0.0	0.6912	3.2374	45.2816
YEL011W_mRNA	YEL011W	149	2346	459.0	0.1957	88.4	1791.0	0.0	1.0	11.0	0.4832	4.8725	41.1208
YEL012W_mRNA	YEL012W	57	913	372.0	0.4074	11.0	202.0	0.0175	1.0	9.0	0.5263	1.3158	51.3333
YEL013W_mRNA	YEL013W	353	2457	502.0	0.2043	46.0	1762.0	0.0142	1.0	6.0	0.5382	2.2776	47.0283
YEL015W_mRNA	YEL015W	117	1871	540.0	0.2886	26.0	1258.0	0.0	4.0	86.0	0.1026	2.7863	46.2051
YEL016C_mRNA	YEL016C	41	1864	398.0	0.2135	95.0	1302.0	0.0	0.0	78.0	0.1707	1.8049	35.6585
YEL017C-A_mRNA	YEL017C-A	2922	895	457.5	0.5112	23.0	147.5	0.0168	237.0	241.0	0.0	3.3036	48.0068
YEL017W_mRNA	YEL017W	35	1591	945.0	0.594	445.5	608.0	0.0	0.0	15.0	0.4	4.3143	44.7143
YEL018W_mRNA	YEL018W	20	1029	464.0	0.4509	42.95	539.5	0.0	16.85	54.0	0.0	1.75	48.45
YEL019C_mRNA	YEL019C	2	968	750.5	0.7753	13.55	135.5	0.5	19.0	82.0	0.0	0.0	4.5
YEL020C_mRNA	YEL020C	54	2602	506.5	0.1947	258.5	2021.0	0.037	0.0	8.0	0.5741	8.963	64.5741
YEL020W-A_mRNA	YEL020W-A	980	1035	367.0	0.3546	452.8	663.0	0.0	0.0	1.0	0.8755	1.5194	49.9684
YEL021W_mRNA	YEL021W	126	1008	607.0	0.6022	8.25	284.5	0.0794	31.25	87.0	0.0	1.7937	40.6032
YEL022W_mRNA	YEL022W	179	4566	534.0	0.117	1947.9	3948.0	0.0	0.0	14.0	0.2235	2.2737	59.3687
YEL023C_mRNA	YEL023C	49	2735	415.0	0.1517	10.8	187.0	0.0612	11.2	1823.0	0.0612	3.2857	52.0204
YEL024W_mRNA	YEL024W	587	1367	904.0	0.6613	0.0	300.0	0.0733	16.0	215.0	0.0409	2.7734	44.54
YEL025C_mRNA	YEL025C	113	4573	501.0	0.1096	7.8	3848.0	0.0619	0.0	8.0	0.5398	3.0265	48.7522
YEL026W_mRNA	YEL026W	2507	1489	421.0	0.2827	163.3	961.0	0.0076	0.0	8.0	0.6326	2.3925	46.939
YEL027W_mRNA	YEL027W	2425	928	765.0	0.8244	4.0	21.0	0.1221	109.0	128.0	0.0	3.3348	45.6219
YEL028W_mRNA	YEL028W	56	2119	469.5	0.2216	877.75	1083.5	0.0	0.0	414.0	0.125	3.0536	59.5357
YEL029C_mRNA	YEL029C	225	1495	754.0	0.5043	140.0	499.0	0.0	6.0	256.0	0.0622	3.7689	42.2756
YEL030W_mRNA	YEL030W	61	2876	469.0	0.1631	1136.0	2087.0	0.0	42.0	274.0	0.0328	1.8525	46.7541
YEL031W_mRNA	YEL031W	575	3935	436.0	0.1108	1371.3	3477.0	0.0	0.0	9.0	0.5583	2.6783	52.7026
YEL032W_mRNA	YEL032W	107	3158	437.0	0.1384	1177.4	2694.0	0.0	0.0	7.0	0.5327	2.5794	61.1589
YER001W_mRNA	YER001W	624	3244	528.0	0.1628	809.3	2620.0	0.0048	0.0	60.0	0.2981	4.2644	47.9535
YER002W_mRNA	YER002W	210	1237	335.5	0.2712	396.45	875.0	0.0	0.45	16.0	0.1714	2.2667	41.4
YER003C_mRNA	YER003C	368	1627	517.0	0.3178	24.0	924.0	0.0027	47.0	215.0	0.0	2.2826	47.7011
YER004W_mRNA	YER004W	163	1252	550.0	0.4393	297.1	682.0	0.0	0.0	9.0	0.6442	1.3006	49.8589
YER005W_mRNA	YER005W	58	2232	474.5	0.2126	13.1	1589.5	0.0517	4.25	165.0	0.069	2.7414	31.3276
YER006W_mRNA	YER006W	620	1827	567.5	0.3106	22.0	1120.0	0.0145	110.0	138.0	0.0306	2.6758	41.8548
YER007C-A_mRNA	YER007C-A	509	1149	636.0	0.5535	9.0	31.0	0.0943	366.8	467.0	0.0	2.0413	41.3242
YER007W_mRNA	YER007W	33	1744	590.0	0.3383	30.6	1087.0	0.0	0.0	63.0	0.1515	0.8182	38.3636
YER008C_mRNA	YER008C	133	4184	553.0	0.1322	2062.8	3578.0	0.0	0.0	16.0	0.3083	2.1053	49.0376
YER009W_mRNA	YER009W	3782	703	551.0	0.7838	34.0	51.0	0.0201	80.0	96.0	0.0013	2.9714	49.6438
YER010C_mRNA	YER010C	82	899	574.5	0.639	97.0	302.0	0.0	0.0	0.0	0.6585	3.7317	56.4512
YER011W_mRNA	YER011W	63	1085	818.0	0.7539	10.0	125.0	0.1587	94.4	122.0	0.0	3.619	50.8571
YER012W_mRNA	YER012W	847	919	709.0	0.7715	46.0	116.0	0.0094	54.0	76.0	0.0059	4.4333	41.4061
YER013W_mRNA	YER013W	57	3724	504.0	0.1353	1944.2	3173.0	0.0	1.8	27.0	0.1579	1.8246	44.7719
YER014W_mRNA	YER014W	93	1803	374.0	0.2074	18.6	1381.0	0.0323	12.0	19.0	0.0323	2.6129	36.4624
YER015W_mRNA	YER015W	97	2556	461.0	0.1804	1617.0	2080.0	0.0	0.0	17.0	0.433	4.6701	52.3814
YER016W_mRNA	YER016W	45	1207	361.0	0.2991	32.6	843.0	0.0	1.0	2.0	0.8889	5.2889	37.4444
YER017C_mRNA	YER017C	78	2544	645.0	0.2535	58.55	1815.5	0.0128	0.0	14.0	0.3718	1.9103	48.2949
YER018C_mRNA	YER018C	77	2024	451.0	0.2228	683.4	1522.0	0.013	0.0	0.0	0.8182	4.1948	66.4805
YER019C-A_mRNA	YER019C-A	1141	2154	354.0	0.1643	0.0	17.0	0.2936	1773.0	1785.0	0.0	3.9772	40.7511
YER019W_mRNA	YER019W	34	1573	444.5	0.2826	135.3	978.5	0.0	2.3	11.0	0.4118	1.7647	33.6765
YER020W_mRNA	YER020W	108	2141	350.5	0.1637	121.4	1243.5	0.0	398.0	474.0	0.0	1.5741	39.8889
YER021W_mRNA	YER021W	473	1765	648.0	0.3671	20.4	1072.0	0.019	1.0	11.0	0.4968	5.1395	51.1015
YER022W_mRNA	YER022W	105	2203	562.0	0.2551	383.8	1628.0	0.0286	0.2	1.0	0.8667	2.3619	44.8762
YER023W_mRNA	YER023W	265	1156	868.0	0.7509	53.0	110.0	0.0	4.2	147.0	0.0679	2.3962	46.2642
YER024W_mRNA	YER024W	80	3065	294.5	0.0961	238.8	2764.5	0.0	0.0	5.0	0.5125	2.3875	53.4
YER025W_mRNA	YER025W	797	1939	595.0	0.3069	42.0	1296.0	0.0013	25.0	36.0	0.0038	1.8708	45.9486
YER026C_mRNA	YER026C	630	1137	748.5	0.6583	57.45	258.5	0.0032	94.0	107.0	0.0127	3.6127	49.1762
YER027C_mRNA	YER027C	156	1635	570.0	0.3486	19.0	926.0	0.0321	0.0	100.0	0.0897	2.1474	44.6346
YER028C_mRNA	YER028C	18	1706	774.5	0.454	0.0	439.5	0.1667	363.2	395.0	0.0	5.2778	42.3333
YER029C_mRNA	YER029C	110	1006	484.0	0.4811	249.45	501.5	0.0	0.45	20.0	0.3	1.5636	40.1091
YER030W_mRNA	YER030W	109	749	419.0	0.5594	63.4	238.0	0.0	4.0	73.0	0.1101	0.9083	35.1376
YER031C_mRNA	YER031C	305	1013	745.0	0.7354	11.0	147.0	0.0131	95.0	152.0	0.0197	2.1869	42.6098
YER032W_mRNA	YER032W	43	2995	400.0	0.1336	999.6	2579.0	0.0	0.0	3.0	0.6744	1.2558	52.4651
YER033C_mRNA	YER033C	38	3983	502.5	0.1262	950.8	3449.5	0.0	0.0	36.0	0.3684	2.8684	41.7368
YER034W_mRNA	YER034W	24	937	715.5	0.7636	15.75	92.5	0.0	88.45	115.0	0.0	0.7917	58.0417
YER035W_mRNA	YER035W	254	1395	491.5	0.3523	408.55	859.5	0.0	0.0	6.0	0.7677	1.5433	64.9409
YER036C_mRNA	YER036C	766	1999	580.5	0.2904	23.0	1349.0	0.0	17.0	25.0	0.0222	2.6162	45.9543
YER037W_mRNA	YER037W	796	1255	1161.0	0.9251	39.0	81.0	0.0352	0.0	5.0	0.7864	2.108	52.1281
YER038C_mRNA	YER038C	24	2241	979.0	0.4369	48.15	179.0	0.0	183.05	952.0	0.0417	1.25	64.6667
YER038W-A_mRNA	YER038W-A	1	1193	726.0	0.6085	467.0	467.0	0.0	0.0	0.0	1.0	7.0	87.0
YER039C-A_mRNA	YER039C-A	3	1116	528.0	0.4731	180.5	311.0	0.0	4.5	18.0	0.3333	0.0	96.6667
YER039C_mRNA	YER039C	22	1144	123.0	0.1075	119.0	1021.0	0.0	0.0	0.0	1.0	1.7273	131.1818
YER040W_mRNA	YER040W	133	2540	515.0	0.2028	773.4	2009.0	0.0	3.0	8.0	0.6992	2.3383	52.3459
YER041W_mRNA	YER041W	160	3231	632.0	0.1956	1935.25	2551.5	0.0	0.0	46.0	0.2625	1.3312	49.4375
YER042W_mRNA	YER042W	366	1605	647.5	0.4034	791.5	832.0	0.0	5.0	64.0	0.082	2.8443	42.1284
YER043C_mRNA	YER043C	3719	1688	507.0	0.3004	87.0	1155.0	0.0	0.0	15.0	0.3208	2.4853	46.9196
YER044C-A_mRNA	YER044C-A	4	1227	922.0	0.7514	234.65	301.0	0.0	0.0	4.0	0.75	1.0	361.25
YER044C_mRNA	YER044C	1240	984	583.0	0.5925	337.0	385.0	0.0048	0.0	7.0	0.6194	4.8266	47.3726
YER045C_mRNA	YER045C	159	1893	426.0	0.225	71.7	1323.0	0.0	0.0	8.0	0.6226	2.0755	52.434
YER046W-A_mRNA	YER046W-A	1	349	100.0	0.2865	0.0	0.0	1.0	249.0	249.0	0.0	40.0	87.0
YER046W_mRNA	YER046W	71	1193	446.0	0.3738	11.5	668.0	0.0423	4.0	42.0	0.0845	6.2113	35.6761
YER047C_mRNA	YER047C	31	3001	467.0	0.1556	1677.5	2480.0	0.0	0.0	30.0	0.2903	1.6774	43.2581
YER048C_mRNA	YER048C	225	1665	547.0	0.3285	26.0	789.0	0.0133	229.0	278.0	0.0	5.2044	41.4933
YER048W-A_mRNA	YER048W-A	565	1085	573.0	0.5281	10.0	56.0	0.0566	361.0	401.0	0.0	1.931	45.2265
YER049W_mRNA	YER049W	251	2128	664.0	0.312	76.5	1437.0	0.008	0.0	9.0	0.753	2.7092	43.1155
YER050C_mRNA	YER050C	343	790	562.0	0.7114	2.0	27.0	0.1924	154.3	201.0	0.0	2.4752	45.1224
YER051W_mRNA	YER051W	46	1713	619.0	0.3614	2.5	876.0	0.1522	0.0	43.0	0.3913	2.2826	39.4348
YER052C_mRNA	YER052C	1326	1854	411.0	0.2217	43.0	1376.0	0.0045	0.0	47.0	0.092	2.8839	48.6161
YER053C-A_mRNA	YER053C-A	150	720	504.0	0.7	85.45	205.0	0.04	0.0	5.0	0.7333	10.7133	47.6267
YER053C_mRNA	YER053C	414	1434	511.0	0.3563	297.0	879.0	0.0024	0.0	2.0	0.6546	1.8671	50.8841
YER054C_mRNA	YER054C	24	2399	496.0	0.2068	192.05	1814.5	0.0	0.0	10.5	0.5	0.75	56.0
YER055C_mRNA	YER055C	2183	2173	822.0	0.3783	31.0	236.0	0.0115	1025.0	1078.0	0.0	2.5135	46.1745
YER056C-A_mRNA	YER056C-A	3656	1024	440.0	0.4297	555.0	576.0	0.0019	0.0	5.0	0.8449	2.5506	39.2828
YER056C_mRNA	YER056C	957	4370	462.0	0.1057	1152.0	2428.0	0.001	1375.6	1418.0	0.0063	3.5183	50.1369
YER057C_mRNA	YER057C	750	891	478.5	0.537	359.0	408.0	0.0027	0.0	3.0	0.952	2.3187	44.24
YER058W_mRNA	YER058W	25	533	338.0	0.6341	25.6	180.0	0.04	0.0	15.0	0.16	7.04	33.36
YER059W_mRNA	YER059W	92	2024	519.0	0.2564	38.3	1001.5	0.0217	424.0	506.0	0.0217	7.3152	44.2174
YER060W-A_mRNA	YER060W-A	7	1826	564.0	0.3089	450.3	1262.0	0.0	0.3	4.0	0.5714	1.8571	47.0
YER060W_mRNA	YER060W	143	2027	387.0	0.1909	213.8	1590.0	0.0	0.0	36.0	0.3566	1.4895	93.8741
YER061C_mRNA	YER061C	50	1880	611.5	0.3253	60.6	790.5	0.0	343.6	418.5	0.0	2.62	50.14
YER062C_mRNA	YER062C	133	1147	510.0	0.4446	28.2	565.0	0.0	12.4	66.0	0.0526	1.7068	48.8271
YER063W_mRNA	YER063W	97	1004	423.0	0.4213	65.8	516.0	0.0	16.4	76.0	0.0206	1.268	44.2165
YER064C_mRNA	YER064C	183	2731	641.0	0.2347	28.4	1175.0	0.0437	844.0	872.0	0.0055	2.7432	50.1311
YER065C_mRNA	YER065C	26	2141	488.5	0.2282	90.75	1473.5	0.0	0.0	15.0	0.4231	1.9231	36.3846
YER066W_mRNA	YER066W	46	1638	425.0	0.2595	204.5	1047.0	0.0	0.0	5.0	0.5652	3.1957	55.6739
YER067W_mRNA	YER067W	766	958	624.5	0.6519	196.5	224.0	0.0065	87.0	102.0	0.0065	1.9869	41.9073
YER068W_mRNA	YER068W	91	1994	531.0	0.2663	55.0	1380.0	0.011	6.0	9.0	0.7692	2.5934	53.8791
YER069W_mRNA	YER069W	467	2827	425.0	0.1503	432.8	2375.0	0.0021	1.0	33.0	0.2013	2.6146	44.2248
YER070W_mRNA	YER070W	289	2950	515.0	0.1746	568.4	2384.0	0.0	0.0	8.0	0.5779	2.9446	51.3945
YER071C_mRNA	YER071C	263	784	523.0	0.6671	86.9	182.0	0.0228	0.0	23.0	0.2966	3.1065	46.4297
YER072W_mRNA	YER072W	2141	774	514.0	0.6641	205.0	242.0	0.0014	0.0	11.0	0.4965	2.0593	44.4418
YER073W_mRNA	YER073W	1189	2957	397.0	0.1343	626.0	2093.0	0.0008	426.4	428.0	0.0	3.0311	49.2145
YER074W-A_mRNA	YER074W-A	699	668	333.0	0.4985	0.0	9.0	0.5308	138.0	328.0	0.0029	11.402	39.5451
YER074W_mRNA	YER074W	7971	638	515.0	0.8072	61.0	69.0	0.0004	19.0	50.0	0.0376	2.6112	39.3244
YER075C_mRNA	YER075C	44	3090	449.0	0.1453	326.95	2410.0	0.0	0.6	21.0	0.2045	6.9545	52.2045
YER076C_mRNA	YER076C	66	1538	424.5	0.276	0.25	660.0	0.1061	0.0	9.0	0.5606	9.0758	69.7273
YER077C_mRNA	YER077C	65	2352	533.0	0.2266	277.2	1712.0	0.0	0.2	43.0	0.1077	2.6923	68.0923
YER078C_mRNA	YER078C	106	1860	377.0	0.2027	74.5	1400.5	0.0189	20.0	33.0	0.0472	3.0566	45.1981
YER078W-A_mRNA	YER078W-A	9	2094	432.0	0.2063	39.8	1316.0	0.0	0.0	6.0	0.5556	0.7778	30.6667
YER079W_mRNA	YER079W	100	989	595.0	0.6016	14.0	306.5	0.03	1.0	20.0	0.11	3.12	44.34
YER080W_mRNA	YER080W	235	2030	452.0	0.2227	26.7	1557.0	0.0043	0.0	18.0	0.4043	2.2213	63.817
YER081W_mRNA	YER081W	575	2065	482.0	0.2334	11.0	797.0	0.0226	0.0	24.0	0.2487	3.1391	53.9583
YER082C_mRNA	YER082C	193	2200	460.0	0.2091	161.6	1456.0	0.0052	239.0	259.0	0.0	3.0674	44.5544
YER083C_mRNA	YER083C	153	1118	533.0	0.4767	9.6	376.0	0.0784	172.6	187.0	0.0	2.732	47.1373
YER084W_mRNA	YER084W	4	531	337.0	0.6347	191.0	193.0	0.0	0.0	0.0	1.0	1.25	72.0
YER086W_mRNA	YER086W	736	2017	480.5	0.2382	116.0	1509.5	0.0	0.0	1.0	0.716	2.375	54.5231
YER087C-B_mRNA	YER087C-B	595	655	465.0	0.7099	8.0	31.0	0.0756	137.0	153.0	0.0134	3.0975	38.0067
YER087W_mRNA	YER087W	77	1963	502.0	0.2557	126.6	1316.0	0.013	3.4	51.0	0.2857	1.9091	50.7662
YER088C-A_mRNA	YER088C-A	92	2034	428.5	0.2107	223.1	1005.0	0.0109	21.1	610.0	0.0326	7.3804	46.0
YER088C_mRNA	YER088C	195	3028	551.0	0.182	385.6	2398.0	0.0	6.0	16.0	0.1179	3.7641	50.3077
YER089C_mRNA	YER089C	153	1817	367.0	0.202	18.6	553.0	0.0131	1.0	18.0	0.3922	5.9935	43.6928
YER090W_mRNA	YER090W	319	1845	498.0	0.2699	20.8	1176.0	0.0219	86.7	139.0	0.0188	2.1003	43.5987
YER091C_mRNA	YER091C	1143	2747	607.0	0.221	158.1	2104.0	0.0009	0.0	1.0	0.7559	2.3456	44.958
YER092W_mRNA	YER092W	121	830	522.0	0.6289	2.0	85.0	0.1074	155.0	182.0	0.0083	1.5537	41.8017
YER093C-A_mRNA	YER093C-A	40	574	439.5	0.7657	4.95	102.0	0.225	2.95	11.5	0.475	17.0	47.55
YER093C_mRNA	YER093C	57	4588	718.0	0.1565	985.6	3688.0	0.0	0.0	79.0	0.193	1.9123	51.386
YER094C_mRNA	YER094C	478	1105	753.0	0.6814	240.0	318.0	0.0	0.0	1.0	0.749	1.7406	46.1987
YER095W_mRNA	YER095W	52	1692	717.5	0.4241	69.95	781.0	0.0192	189.1	202.0	0.0	1.5769	44.2692
YER096W_mRNA	YER096W	27	2005	476.0	0.2374	188.0	1503.0	0.0	0.0	5.0	0.6296	4.1111	42.4074
YER097W_mRNA	YER097W	9	330	182.0	0.5515	0.0	0.0	0.7778	7.8	148.0	0.1111	125.5556	30.1111
YER098W_mRNA	YER098W	27	2651	896.0	0.338	35.6	1534.0	0.0	3.0	57.0	0.1481	2.5556	64.4074
YER099C_mRNA	YER099C	239	1884	566.0	0.3004	2.0	472.0	0.0962	804.0	821.0	0.0167	7.0753	43.9414
YER100W_mRNA	YER100W	233	1139	439.0	0.3854	66.0	676.0	0.0	0.0	7.0	0.7425	2.9785	43.3476
YER101C_mRNA	YER101C	68	1562	617.0	0.395	127.5	889.0	0.0	22.0	53.0	0.0147	0.6912	40.0294
YER102W_mRNA	YER102W	14844	1203	718.0	0.5968	248.0	254.0	0.0	198.0	208.0	0.0003	8.2351	41.1241
YER103W_mRNA	YER103W	1276	2794	441.5	0.158	694.0	2289.0	0.0	1.0	15.0	0.4506	1.7672	44.2571
YER104W_mRNA	YER104W	29	1702	552.0	0.3243	0.0	431.0	0.1034	29.4	675.0	0.069	17.6207	41.9655
YER105C_mRNA	YER105C	159	4455	792.0	0.1778	1192.2	3470.0	0.0063	14.0	134.0	0.044	2.0503	47.6855
YER106W_mRNA	YER106W	7	909	897.0	0.9868	0.0	12.0	0.4286	0.0	0.0	1.0	24.5714	225.4286
YER107C_mRNA	YER107C	161	1528	639.0	0.4182	21.0	764.0	0.0186	87.0	108.0	0.0124	2.4969	53.323
YER109C_mRNA	YER109C	47	2400	396.0	0.165	213.5	1995.0	0.0213	0.0	0.0	0.9362	6.5745	298.4681
YER110C_mRNA	YER110C	575	3637	501.0	0.1378	943.9	3110.0	0.0	0.0	29.0	0.3809	2.2052	46.4887
YER111C_mRNA	YER111C	73	3753	591.0	0.1575	70.8	3053.0	0.0411	0.0	16.0	0.4521	3.3699	41.3699
YER112W_mRNA	YER112W	513	779	678.0	0.8703	12.0	71.0	0.0019	15.0	17.0	0.0078	1.9981	52.3314
YER113C_mRNA	YER113C	94	2418	536.0	0.2217	422.45	1800.5	0.0	0.0	0.0	0.8085	2.2979	49.9043
YER114C_mRNA	YER114C	131	3770	540.0	0.1432	1508.5	3158.0	0.0	0.0	88.0	0.2748	2.9924	45.6718
YER115C_mRNA	YER115C	104	1639	494.0	0.3014	548.65	986.5	0.0	0.0	44.0	0.3846	2.0865	40.7212
YER116C_mRNA	YER116C	16	1373	335.0	0.244	110.5	941.0	0.0	17.5	88.0	0.0625	3.25	31.5625
YER117W_mRNA	YER117W	18109	1552	489.0	0.3151	1040.0	1048.0	0.0	0.0	13.0	0.4179	2.8259	49.2979
YER118C_mRNA	YER118C	151	1586	448.0	0.2825	134.0	1100.0	0.0	0.0	20.0	0.3841	4.4768	49.3841
YER119C_mRNA	YER119C	31	1533	419.0	0.2733	27.5	825.0	0.0	50.0	64.0	0.0	2.0645	45.5484
YER120W_mRNA	YER120W	418	1057	630.0	0.596	53.0	295.5	0.0048	1.85	139.0	0.067	2.6316	39.4187
YER121W_mRNA	YER121W	19	683	452.0	0.6618	92.4	156.0	0.0	54.2	83.0	0.0	1.9474	35.5263
YER122C_mRNA	YER122C	360	1709	543.5	0.318	19.95	1084.0	0.0028	0.0	25.0	0.2472	2.0806	50.375
YER123W_mRNA	YER123W	87	2311	505.0	0.2185	25.3	1575.0	0.0115	114.0	128.0	0.0115	1.8851	41.7471
YER124C_mRNA	YER124C	373	2298	681.0	0.2963	40.0	1367.0	0.0107	129.6	180.0	0.0107	5.874	52.0912
YER125W_mRNA	YER125W	261	3330	456.0	0.1369	11.0	2618.0	0.046	0.0	29.0	0.3755	2.3487	45.9885
YER126C_mRNA	YER126C	428	1390	765.0	0.5504	58.7	294.5	0.0	301.0	342.0	0.0	2.271	47.8902
YER127W_mRNA	YER127W	118	1547	418.5	0.2705	264.85	1035.5	0.0	36.0	100.0	0.0339	1.839	47.5508
YER128W_mRNA	YER128W	35	1255	727.0	0.5793	0.0	47.0	0.2	50.7	475.0	0.0286	6.1429	37.0857
YER129W_mRNA	YER129W	148	4349	480.5	0.1105	154.0	3589.0	0.0	0.0	12.0	0.473	3.4797	58.4865
YER130C_mRNA	YER130C	184	1679	667.5	0.3976	20.15	883.5	0.0109	25.0	36.0	0.038	4.2935	40.625
YER131W_mRNA	YER131W	3891	867	487.0	0.5617	317.5	352.0	0.0	1.0	21.0	0.3655	2.6266	35.3166
YER132C_mRNA	YER132C	102	5597	441.5	0.0789	17.8	5091.0	0.049	1.0	9.0	0.6078	11.1569	58.3529
YER133W_mRNA	YER133W	805	1479	851.0	0.5754	16.0	527.0	0.036	21.0	42.0	0.0422	3.8075	46.4571
YER134C_mRNA	YER134C	140	1671	681.5	0.4078	122.5	226.0	0.0357	101.1	725.0	0.0357	2.5286	46.4071
YER135C_mRNA	YER135C	1	393	159.0	0.4046	0.0	0.0	1.0	234.0	234.0	0.0	43.0	59.0
YER136W_mRNA	YER136W	369	1839	576.0	0.3132	71.0	1248.0	0.0	0.0	4.0	0.7534	3.0569	48.2764
YER137C-A_mRNA	YER137C-A	2	1323	298.5	0.2256	0.0	0.0	1.0	930.45	1024.5	0.0	40.5	66.0
YER137C_mRNA	YER137C	22	713	398.0	0.5582	92.0	272.5	0.0	0.0	2.5	0.9545	1.6364	16.7273
YER138C_mRNA	YER138C	2676	5268	1098.5	0.2085	684.0	4017.0	0.0213	0.0	0.0	0.7679	3.1379	291.1315
YER138W-A_mRNA	YER138W-A	713	404	247.0	0.6114	25.0	107.0	0.021	0.0	4.0	0.6564	9.6353	121.6466
YER139C_mRNA	YER139C	68	1562	756.5	0.4843	64.0	295.5	0.0	0.0	443.0	0.1912	1.7794	51.5
YER140W_mRNA	YER140W	53	2135	806.0	0.3775	53.4	661.0	0.0	142.0	254.0	0.0189	2.283	41.2075
YER141W_mRNA	YER141W	249	2528	399.0	0.1578	659.4	2078.0	0.004	0.0	3.0	0.7711	11.0643	44.8675
YER142C_mRNA	YER142C	93	1324	644.0	0.4864	296.2	581.0	0.0	0.0	19.0	0.3548	3.4516	59.9677
YER143W_mRNA	YER143W	89	1549	618.0	0.399	21.0	815.0	0.0449	0.0	95.0	0.1011	3.1461	42.2697
YER144C_mRNA	YER144C	118	2635	466.0	0.1769	144.75	2134.5	0.0	0.0	7.0	0.7458	2.4153	48.6441
YER145C_mRNA	YER145C	93	1468	522.0	0.3556	15.6	810.0	0.0323	66.0	132.0	0.0	2.6774	46.4946
YER146W_mRNA	YER146W	567	788	385.0	0.4886	382.0	400.0	0.0018	0.0	1.0	0.9436	2.5908	41.8395
YER147C_mRNA	YER147C	33	2022	444.0	0.2196	896.6	1571.0	0.0	0.0	10.0	0.5152	1.6061	48.8788
YER148W-A_mRNA	YER148W-A	61	915	291.0	0.318	1.0	79.0	0.1639	545.0	548.0	0.0	2.082	37.3115
YER148W_mRNA	YER148W	521	1260	667.0	0.5294	8.0	419.0	0.1094	155.0	157.0	0.0	3.9117	42.9981
YER149C_mRNA	YER149C	37	1436	580.0	0.4039	40.6	781.0	0.027	0.0	3.0	0.6486	10.0811	39.6757
YER150W_mRNA	YER150W	396	1267	586.5	0.4629	630.0	638.0	0.0	0.0	5.0	0.5606	3.3864	54.3409
YER151C_mRNA	YER151C	208	2999	555.0	0.1851	945.75	2412.0	0.0	0.0	11.0	0.4567	1.9808	42.7452
YER152C_mRNA	YER152C	153	1961	517.0	0.2636	568.4	1431.0	0.0065	0.0	11.0	0.4967	3.7451	51.7255
YER154W_mRNA	YER154W	99	1986	539.0	0.2714	717.8	1446.0	0.0101	0.0	5.0	0.6869	5.4747	51.7576
YER155C_mRNA	YER155C	361	6764	513.0	0.0758	3943.0	6156.0	0.0055	8.0	17.0	0.0582	1.9806	36.2438
YER156C_mRNA	YER156C	313	1411	738.0	0.523	282.0	659.0	0.0	0.0	5.0	0.8914	2.0863	49.7412
YER157W_mRNA	YER157W	172	2617	452.0	0.1727	0.0	2013.0	0.0698	0.0	45.0	0.3023	9.1395	42.5465
YER158C_mRNA	YER158C	64	2070	405.0	0.1957	907.45	1649.5	0.0	0.0	10.5	0.5	2.125	43.6094
YER159C-A_mRNA	YER159C-A	1	1323	609.0	0.4603	105.0	105.0	0.0	609.0	609.0	0.0	0.0	78.0
YER159C_mRNA	YER159C	370	859	635.0	0.7392	11.0	73.0	0.0324	98.0	119.0	0.0027	2.4622	42.7027
YER160C_mRNA	YER160C	650	5268	598.0	0.1135	1062.35	4436.0	0.0046	0.0	0.0	0.7631	5.3569	280.5462
YER161C_mRNA	YER161C	45	1344	387.0	0.2879	629.0	950.0	0.0	1.0	7.0	0.6889	1.8444	44.2
YER162C_mRNA	YER162C	12	2460	329.5	0.1339	982.8	2098.0	0.0	1.65	13.0	0.25	0.75	40.0
YER163C_mRNA	YER163C	85	920	462.0	0.5022	96.4	454.0	0.0	0.0	4.0	0.5765	6.3529	54.1765
YER164W_mRNA	YER164W	58	4959	642.5	0.1296	2480.95	4261.0	0.0	1.0	8.0	0.6897	2.3621	40.5345
YER165W_mRNA	YER165W	830	2077	809.5	0.3897	11.0	1158.0	0.0133	8.0	50.0	0.0759	2.8301	50.8651
YER166W_mRNA	YER166W	114	5081	476.5	0.0938	2951.25	4550.5	0.0	0.0	24.0	0.2895	2.8333	63.4737
YER167W_mRNA	YER167W	147	3143	451.0	0.1435	1385.8	2674.0	0.0	0.0	6.0	0.7755	2.0204	54.4694
YER168C_mRNA	YER168C	127	1790	480.0	0.2682	49.3	1207.0	0.0	0.0	31.0	0.315	2.1811	49.748
YER169W_mRNA	YER169W	39	2889	405.0	0.1402	111.2	2278.0	0.0	1.0	18.0	0.4359	4.4103	43.5641
YER170W_mRNA	YER170W	84	1976	577.5	0.2923	152.7	906.5	0.0	1.3	37.0	0.0952	2.4524	51.7024
YER171W_mRNA	YER171W	90	3125	385.0	0.1232	44.4	971.5	0.0222	10.0	1464.5	0.0889	3.5556	39.9667
YER172C_mRNA	YER172C	168	6669	486.0	0.0729	1712.75	6063.0	0.0119	0.0	5.0	0.5655	2.6786	44.2083
YER173W_mRNA	YER173W	26	2147	467.0	0.2175	131.25	1595.5	0.0385	0.0	3.0	0.6923	2.3077	56.1538
YER174C_mRNA	YER174C	389	1738	498.0	0.2865	501.0	1184.0	0.0	0.0	6.0	0.5758	2.2571	45.09
YER175C_mRNA	YER175C	91	2275	577.0	0.2536	13.0	1102.0	0.044	55.0	123.0	0.022	3.2857	44.2418
YER175W-A_mRNA	YER175W-A	25	2076	501.0	0.2413	571.6	1236.0	0.0	0.0	11.0	0.48	1.92	33.24
YER176W_mRNA	YER176W	50	3525	463.5	0.1315	757.3	2883.0	0.0	1.0	6.0	0.52	1.1	33.76
YER177W_mRNA	YER177W	1977	1393	720.0	0.5169	373.0	628.0	0.003	0.0	7.0	0.7795	2.9717	49.2828
YER178W_mRNA	YER178W	857	1575	586.0	0.3721	30.0	843.0	0.0047	120.0	134.0	0.0012	2.8355	45.4726
YER179W_mRNA	YER179W	17	1005	411.0	0.409	165.2	589.0	0.0	0.0	0.0	0.9412	0.9412	126.2941
YER180C-A_mRNA	YER180C-A	8	977	396.5	0.4058	0.0	19.0	0.25	8.7	513.5	0.25	13.25	35.5
YER180C_mRNA	YER180C	45	1491	476.0	0.3192	29.6	990.0	0.0444	0.0	3.0	0.8	1.1556	51.2222
YER181C_mRNA	YER181C	3	986	389.0	0.3945	97.6	346.0	0.0	0.4	4.0	0.6667	0.0	31.0
YER182W_mRNA	YER182W	138	1010	553.0	0.5475	153.0	435.0	0.0	0.0	9.5	0.5072	2.029	45.6957
YER183C_mRNA	YER183C	111	790	488.0	0.6177	73.0	263.0	0.009	0.0	9.0	0.5856	2.045	50.8559
YER184C_mRNA	YER184C	49	3384	572.0	0.169	46.2	2464.0	0.0204	0.0	171.0	0.2857	3.7551	107.5714
YER185W_mRNA	YER185W	23	1439	368.0	0.2557	9.6	1035.0	0.087	0.0	0.0	0.7391	18.0435	78.3913
YER186C_mRNA	YER186C	186	1602	573.0	0.3577	12.0	675.5	0.043	245.25	332.5	0.0161	2.8333	39.6022
YER187W_mRNA	YER187W	29	1321	530.0	0.4012	4.4	745.0	0.069	0.0	26.0	0.3793	20.3793	55.1724
YER188C-A_mRNA	YER188C-A	12	1293	249.5	0.193	32.9	275.5	0.0833	116.4	831.5	0.0	6.5833	88.5833
YER188W_mRNA	YER188W	58	1264	423.5	0.335	283.1	824.0	0.0345	0.0	4.0	0.7931	4.4828	41.8276
YER190W_mRNA	YER190W	56	6017	453.5	0.0754	1975.0	5112.5	0.0	278.0	283.0	0.0	2.3214	33.3929
YFL048C_mRNA	YFL048C	330	1527	641.5	0.4201	20.0	767.5	0.003	0.0	35.0	0.1061	2.1727	45.8061
YFL049W_mRNA	YFL049W	103	2058	447.0	0.2172	17.4	1553.0	0.0097	0.0	7.0	0.6019	1.7767	56.1165
YFL050C_mRNA	YFL050C	90	3569	478.5	0.1341	31.6	2938.0	0.0556	0.0	3.0	0.7	4.7111	49.2778
YFL051C_mRNA	YFL051C	2	483	476.0	0.9855	0.0	0.0	1.0	0.7	7.0	0.5	8.0	169.5
YFL052W_mRNA	YFL052W	15	1744	359.0	0.2058	9.2	1119.0	0.0667	0.0	10.0	0.6	0.7333	142.6667
YFL053W_mRNA	YFL053W	7	2082	393.0	0.1888	1389.4	1584.0	0.0	1.9	22.0	0.4286	2.1429	72.7143
YFL054C_mRNA	YFL054C	21	2059	315.0	0.153	87.0	1663.0	0.0476	0.0	8.0	0.5714	18.9048	29.381
YFL055W_mRNA	YFL055W	43	2411	270.0	0.112	0.0	316.0	0.3256	0.0	1298.0	0.2326	65.4651	56.4186
YFL058W_mRNA	YFL058W	4	1023	597.5	0.5841	180.65	425.5	0.0	0.0	0.0	0.75	1.25	100.0
YFL059W_mRNA	YFL059W	20	1112	657.0	0.5908	84.9	450.5	0.0	0.0	3.0	0.75	0.95	39.35
YFL060C_mRNA	YFL060C	7	981	459.0	0.4679	297.3	522.0	0.0	0.0	6.0	0.7143	1.2857	44.2857
YFL061W_mRNA	YFL061W	6	678	646.0	0.9528	1.0	7.0	0.6667	0.0	0.0	0.8333	59.3333	165.6667
YFL062W_mRNA	YFL062W	6	1140	974.5	0.8548	2.0	6.0	0.6667	0.0	0.5	0.6667	0.8333	105.8333
YFL063W_mRNA	YFL063W	1	456	339.0	0.7434	90.0	90.0	0.0	27.0	27.0	0.0	48.0	168.0
YFL065C_mRNA	YFL065C	1	309	156.0	0.5049	120.0	120.0	0.0	33.0	33.0	0.0	0.0	79.0
YFL066C_mRNA	YFL066C	5	1179	288.0	0.2443	6.4	46.0	0.2	287.4	629.0	0.0	10.8	20.4
YFL001W_mRNA	YFL001W	68	1423	458.5	0.3222	54.0	931.5	0.0147	0.0	6.5	0.6618	1.7647	56.1618
YFL002C_mRNA	YFL002C	55	1994	296.0	0.1484	59.2	1687.0	0.0	0.0	5.0	0.8	1.7455	46.1455
YFL002W-A_mRNA	YFL002W-A	291	5313	1296.0	0.2439	728.0	3787.0	0.0172	0.0	0.0	0.6838	9.2371	259.1478
YFL002W-B_mRNA	YFL002W-B	19	1317	303.0	0.2301	0.0	748.0	0.1579	88.7	272.0	0.0	9.1053	36.3158
YFL003C_mRNA	YFL003C	13	2763	500.0	0.181	1274.8	2253.0	0.0	0.0	0.0	0.7692	1.5385	59.3077
YFL004W_mRNA	YFL004W	670	2858	507.5	0.1776	198.25	2199.0	0.003	2.45	138.0	0.1284	1.9537	41.1284
YFL005W_mRNA	YFL005W	900	1104	748.5	0.678	75.0	304.0	0.0	1.0	12.0	0.4378	1.5444	49.4111
YFL007W_mRNA	YFL007W	117	6775	571.0	0.0843	559.6	5893.0	0.0	3.6	12.0	0.3162	1.7265	45.4017
YFL008W_mRNA	YFL008W	88	3858	739.5	0.1917	2536.8	3104.0	0.0	4.05	16.0	0.1023	1.25	45.1591
YFL009W_mRNA	YFL009W	129	2657	438.0	0.1648	157.2	2160.0	0.0233	14.2	50.0	0.0543	1.969	39.0543
YFL010C_mRNA	YFL010C	316	1037	475.0	0.4581	8.0	296.5	0.1519	208.0	213.0	0.0	2.7089	39.8766
YFL011W_mRNA	YFL011W	3	1641	151.0	0.092	0.0	0.0	1.0	149.0	1490.0	0.3333	88.3333	46.6667
YFL012W_mRNA	YFL012W	10	960	428.0	0.4458	0.0	177.5	0.2	38.55	269.0	0.0	43.3	42.9
YFL013C_mRNA	YFL013C	88	2394	377.0	0.1575	1400.2	1876.0	0.0	55.4	153.0	0.0227	1.7727	52.2045
YFL014W_mRNA	YFL014W	111	949	462.0	0.4868	54.5	408.0	0.009	0.0	4.0	0.6937	3.7027	38.5045
YFL016C_mRNA	YFL016C	574	1738	435.5	0.2506	93.0	1282.0	0.0	1.0	5.0	0.77	1.9582	43.6655
YFL017C_mRNA	YFL017C	117	893	531.0	0.5946	0.0	30.0	0.2479	272.8	317.0	0.0	3.5641	48.6325
YFL017W-A_mRNA	YFL017W-A	34	633	320.5	0.5063	133.5	303.5	0.0	0.0	4.0	0.8235	1.1765	46.3824
YFL018C_mRNA	YFL018C	353	1721	529.0	0.3074	28.0	1097.0	0.0028	33.2	61.0	0.0028	2.3966	39.8215
YFL020C_mRNA	YFL020C	7	1179	506.0	0.4292	54.9	673.0	0.0	0.0	5.0	0.5714	11.8571	72.4286
YFL021C-A_mRNA	YFL021C-A	4	2086	388.0	0.186	972.75	1406.5	0.0	49.5	361.0	0.0	2.75	62.5
YFL021W_mRNA	YFL021W	121	2101	474.0	0.2256	569.0	1592.0	0.0	1.0	7.0	0.5537	3.6033	45.0826
YFL022C_mRNA	YFL022C	818	1699	469.0	0.276	42.0	1201.0	0.0	0.0	11.0	0.4034	3.6406	44.489
YFL023W_mRNA	YFL023W	40	2519	263.0	0.1044	1350.0	2247.5	0.0	0.0	15.0	0.4	2.65	38.825
YFL024C_mRNA	YFL024C	53	3207	576.0	0.1796	1322.6	2631.0	0.0	0.0	7.0	0.5849	2.3396	56.0189
YFL025C_mRNA	YFL025C	94	3288	493.5	0.1501	287.6	2619.5	0.0319	0.0	2.0	0.6702	2.6064	40.2128
YFL026W_mRNA	YFL026W	26	1537	371.0	0.2414	0.0	3.0	0.6154	9.25	1162.0	0.1538	189.9231	44.1154
YFL027C_mRNA	YFL027C	76	1624	545.0	0.3356	56.75	1068.0	0.0	0.0	2.5	0.6579	18.6316	44.75
YFL028C_mRNA	YFL028C	258	1034	701.0	0.6779	2.0	224.5	0.1008	51.0	57.0	0.0078	2.5426	42.4302
YFL029C_mRNA	YFL029C	59	1230	384.0	0.3122	26.0	831.0	0.0	0.0	3.0	0.8814	0.5763	38.4746
YFL030W_mRNA	YFL030W	34	1357	680.5	0.5015	84.9	663.5	0.0294	0.0	9.0	0.7353	4.2353	54.2941
YFL031W_mRNA	YFL031W	1981	1259	357.0	0.2836	22.0	825.0	0.0106	61.0	66.0	0.0	23.1055	45.3251
YFL032W_mRNA	YFL032W	171	1304	987.0	0.7569	253.0	286.0	0.0	0.0	1.0	0.8304	3.924	348.1228
YFL033C_mRNA	YFL033C	114	6006	517.0	0.0861	4017.9	5420.0	0.0	0.0	10.5	0.5	1.3509	53.0
YFL034C-A_mRNA	YFL034C-A	812	597	445.0	0.7454	13.0	31.0	0.0345	94.0	112.5	0.0	22.5406	40.7574
YFL034C-B_mRNA	YFL034C-B	98	1131	462.0	0.4085	22.0	639.0	0.0102	22.95	33.0	0.0204	3.2245	47.4592
YFL034W_mRNA	YFL034W	59	3524	412.0	0.1169	1693.8	2989.0	0.0169	1.0	4.0	0.6441	1.3898	45.0847
YFL036W_mRNA	YFL036W	195	4992	649.0	0.13	2357.4	4299.0	0.0051	0.0	5.0	0.7231	3.2769	53.1949
YFL037W_mRNA	YFL037W	574	1700	491.0	0.2888	42.0	1177.5	0.0017	0.0	4.0	0.6376	2.6829	52.8014
YFL038C_mRNA	YFL038C	742	920	555.0	0.6033	10.15	226.5	0.0512	103.0	127.0	0.004	2.1011	41.4353
YFL039C_mRNA	YFL039C	3107	1621	880.0	0.5429	95.0	548.0	0.001	7.0	180.0	0.0605	3.6582	48.1963
YFL040W_mRNA	YFL040W	2	1623	175.5	0.1081	1443.25	1445.5	0.0	0.2	2.0	1.0	0.0	231.0
YFL041W-A_mRNA	YFL041W-A	20	1127	456.0	0.4046	57.4	671.0	0.0	0.0	0.0	0.95	3.0	38.25
YFL041W_mRNA	YFL041W	95	2072	575.0	0.2775	14.0	1483.0	0.0421	7.0	12.0	0.3579	2.5789	53.7895
YFL042C_mRNA	YFL042C	72	2147	403.0	0.1877	234.4	1705.0	0.0	0.0	25.0	0.3611	1.4861	43.4306
YFL044C_mRNA	YFL044C	56	1207	1047.5	0.8679	11.0	33.0	0.0536	33.75	55.0	0.0357	2.2321	36.2679
YFL045C_mRNA	YFL045C	2585	1992	891.0	0.4473	993.0	1071.0	0.0012	0.0	18.0	0.3358	2.8739	47.3926
YFL046W_mRNA	YFL046W	195	981	747.0	0.7615	172.4	203.0	0.0	0.0	8.0	0.6103	1.3487	38.3744
YFL047W_mRNA	YFL047W	87	2721	560.0	0.2058	855.6	2118.0	0.0	8.3	40.0	0.069	2.7586	37.7586
YFR001W_mRNA	YFR001W	301	862	487.0	0.565	83.0	276.0	0.0	6.0	52.0	0.0698	2.0664	36.2558
YFR002W_mRNA	YFR002W	287	2662	611.0	0.2295	33.0	1951.0	0.0	8.0	28.0	0.0662	2.2474	50.5819
YFR003C_mRNA	YFR003C	186	744	553.0	0.7433	19.0	118.5	0.0161	30.0	69.0	0.0323	1.7903	41.7204
YFR004W_mRNA	YFR004W	352	1090	585.0	0.5367	34.0	453.5	0.0	1.0	19.0	0.4574	2.4688	43.4915
YFR005C_mRNA	YFR005C	96	1647	398.0	0.2417	39.0	1190.0	0.0	14.75	45.0	0.0417	2.9896	38.0521
YFR006W_mRNA	YFR006W	255	1981	714.0	0.3604	384.4	1238.0	0.0	0.0	13.0	0.451	2.1843	46.1882
YFR007W_mRNA	YFR007W	34	1205	587.0	0.4871	25.6	393.5	0.0588	1.0	11.5	0.5	1.1471	38.6176
YFR008W_mRNA	YFR008W	66	1353	398.5	0.2945	316.25	920.0	0.0152	0.0	0.0	0.8788	1.9848	111.9394
YFR009W-A_mRNA	YFR009W-A	212	2113	523.5	0.2478	406.65	1483.5	0.0	4.0	115.0	0.1179	1.4858	42.9764
YFR009W_mRNA	YFR009W	146	2415	452.0	0.1872	32.5	1923.5	0.0137	0.0	8.0	0.589	4.5205	45.137
YFR010W_mRNA	YFR010W	204	1685	559.5	0.332	48.3	1082.0	0.0	2.0	13.0	0.3529	2.3627	55.1373
YFR011C_mRNA	YFR011C	258	777	671.0	0.8636	12.85	46.5	0.0426	46.0	54.0	0.0116	1.5465	38.7287
YFR012W-A_mRNA	YFR012W-A	8	1579	981.0	0.6213	95.1	593.5	0.125	3.0	5.5	0.875	0.0	40.75
YFR013W_mRNA	YFR013W	98	2565	362.0	0.1411	19.0	2180.5	0.0204	1.0	15.5	0.2551	1.5714	42.1429
YFR014C_mRNA	YFR014C	98	1690	470.5	0.2784	125.0	1153.5	0.0	0.0	9.0	0.5306	1.602	43.398
YFR015C_mRNA	YFR015C	128	2392	417.5	0.1745	36.0	1899.0	0.0	6.0	40.0	0.0859	1.7734	44.1406
YFR016C_mRNA	YFR016C	41	3852	274.0	0.0711	3037.0	3556.0	0.0	0.0	4.0	0.7317	2.0488	63.1707
YFR017C_mRNA	YFR017C	67	1683	500.0	0.2971	67.4	913.0	0.0149	6.0	54.0	0.1493	2.0597	47.3284
YFR018C_mRNA	YFR018C	50	1325	895.0	0.6755	9.35	418.0	0.06	9.0	9.0	0.88	4.78	36.5
YFR019W_mRNA	YFR019W	74	6917	529.0	0.0765	1340.45	6235.0	0.0	0.0	24.0	0.2973	1.4865	49.8514
YFR020W_mRNA	YFR020W	72	2068	602.5	0.2913	497.85	1210.5	0.0278	0.0	218.0	0.3472	2.9306	52.9444
YFR021W_mRNA	YFR021W	43	1815	558.0	0.3074	39.0	1048.0	0.0	21.2	102.0	0.0465	2.0	58.4884
YFR022W_mRNA	YFR022W	38	2631	512.0	0.1946	98.7	1967.0	0.0	0.0	61.0	0.3158	2.1316	45.7632
YFR023W_mRNA	YFR023W	9	1836	330.0	0.1797	472.2	1506.0	0.0	0.0	0.0	0.8889	1.2222	147.3333
YFR024C-A_mRNA	YFR024C-A	166	1835	556.5	0.3033	228.0	1203.0	0.0	0.0	34.0	0.2349	2.4578	40.4337
YFR025C_mRNA	YFR025C	148	1190	601.0	0.505	6.0	546.0	0.0743	0.0	48.0	0.0676	5.4595	37.2027
YFR026C_mRNA	YFR026C	19	1747	269.0	0.154	0.0	1203.0	0.1053	0.0	171.0	0.1579	10.4211	74.0
YFR027W_mRNA	YFR027W	23	1050	370.0	0.3524	37.0	675.0	0.0435	3.0	3.0	0.7826	1.4783	55.913
YFR028C_mRNA	YFR028C	38	1823	777.0	0.4262	47.8	820.0	0.0	2.55	21.0	0.1316	2.2632	43.3947
YFR029W_mRNA	YFR029W	39	2208	624.0	0.2826	294.6	1533.0	0.0	0.0	16.0	0.4615	2.8974	43.359
YFR030W_mRNA	YFR030W	137	3293	507.0	0.154	1185.4	2735.0	0.0073	1.0	11.0	0.4453	2.0219	44.3796
YFR031C-A_mRNA	YFR031C-A	5649	1301	556.0	0.4274	321.0	675.0	0.0	9.0	63.0	0.062	2.6288	40.3555
YFR031C_mRNA	YFR031C	104	3513	571.0	0.1625	1694.4	2895.0	0.0385	0.0	0.0	0.8942	5.3365	92.6923
YFR032C-A_mRNA	YFR032C-A	11327	468	283.0	0.6047	181.0	182.0	0.0	0.0	0.0	0.9364	3.4956	42.0381
YFR032C-B_mRNA	YFR032C-B	1	264	74.0	0.2803	190.0	190.0	0.0	0.0	0.0	1.0	0.0	222.0
YFR032C_mRNA	YFR032C	5	1048	276.0	0.2634	180.6	767.0	0.0	2.6	5.0	1.0	0.4	64.2
YFR033C_mRNA	YFR033C	161	1345	429.0	0.319	773.0	899.0	0.0	0.0	2.0	0.8634	1.4907	39.3106
YFR034C_mRNA	YFR034C	169	1813	420.0	0.2317	1233.2	1376.0	0.0	0.0	3.0	0.8402	2.0178	43.2367
YFR034W-A_mRNA	YFR034W-A	47	1077	352.0	0.3268	212.5	684.0	0.0	0.0	9.0	0.5319	3.0638	44.3617
YFR035C_mRNA	YFR035C	1	345	189.0	0.5478	2.0	2.0	1.0	154.0	154.0	0.0	3.0	69.0
YFR036W-A_mRNA	YFR036W-A	15	1167	507.0	0.4344	13.0	25.0	0.0667	622.7	625.0	0.0	2.2	75.5333
YFR036W_mRNA	YFR036W	5	563	510.0	0.9059	7.8	39.0	0.2	2.4	14.0	0.2	22.8	49.8
YFR037C_mRNA	YFR037C	36	1883	321.5	0.1707	138.0	1495.0	0.0	31.5	55.0	0.0278	1.5	37.4722
YFR038W_mRNA	YFR038W	44	2671	373.5	0.1398	306.95	2289.5	0.0	0.0	1.0	0.6818	1.7045	38.5682
YFR039C_mRNA	YFR039C	140	1742	466.5	0.2678	306.0	1239.5	0.0	0.0	1.0	0.8286	2.3	46.3429
YFR040W_mRNA	YFR040W	123	3394	570.0	0.1679	905.2	2790.0	0.0	0.0	10.0	0.5285	2.5041	50.6667
YFR041C_mRNA	YFR041C	109	1129	504.0	0.4464	89.4	613.0	0.0	0.0	4.0	0.6789	1.3945	44.4037
YFR042W_mRNA	YFR042W	185	973	687.0	0.7061	8.0	46.0	0.1838	189.0	232.0	0.0108	3.8595	55.5946
YFR043C_mRNA	YFR043C	66	882	721.0	0.8175	73.75	125.0	0.0152	9.0	9.0	0.6061	5.1364	46.4091
YFR044C_mRNA	YFR044C	789	1741	606.0	0.3481	217.0	1111.0	0.0025	0.0	12.0	0.4183	2.8061	49.6464
YFR045W_mRNA	YFR045W	52	1092	597.5	0.5472	21.0	357.5	0.0192	24.0	60.0	0.0385	12.3462	41.8269
YFR046C_mRNA	YFR046C	21	1386	459.0	0.3312	510.0	737.0	0.0	21.0	184.0	0.0476	1.7619	42.2381
YFR047C_mRNA	YFR047C	148	1194	482.5	0.4041	9.7	516.5	0.0541	165.0	193.0	0.0	2.5676	43.0
YFR048W_mRNA	YFR048W	81	2117	447.0	0.2111	277.0	1601.0	0.0247	15.0	29.0	0.037	2.7901	36.0988
YFR049W_mRNA	YFR049W	246	775	613.0	0.791	5.5	38.5	0.126	81.0	112.0	0.0041	1.8821	41.5854
YFR050C_mRNA	YFR050C	425	1047	656.0	0.6266	38.0	306.0	0.0024	7.0	23.0	0.1624	3.0824	45.8729
YFR051C_mRNA	YFR051C	237	1795	491.0	0.2735	15.0	1184.0	0.0422	38.0	44.0	0.0042	2.8776	47.0295
YFR052C-A_mRNA	YFR052C-A	206	1199	442.5	0.3691	60.5	688.0	0.0243	0.0	0.0	0.7233	4.6796	44.4854
YFR052W_mRNA	YFR052W	500	1131	573.5	0.5071	30.95	354.0	0.006	36.95	205.0	0.002	3.324	43.108
YFR053C_mRNA	YFR053C	613	1742	603.0	0.3462	18.0	931.0	0.0245	0.0	3.0	0.6949	2.2365	48.0131
YFR055W_mRNA	YFR055W	809	2041	590.0	0.2891	509.0	1418.0	0.0012	0.0	8.0	0.7009	3.1051	45.8109
YGL103W_mRNA	YGL103W	22807	3014	528.0	0.1752	2463.0	2472.0	0.0004	3.0	7.0	0.6438	8.3158	41.1886
YGL105W_mRNA	YGL105W	927	1406	523.0	0.372	163.0	866.0	0.0	0.0	4.0	0.8145	2.1855	46.6138
YGL106W_mRNA	YGL106W	308	730	462.5	0.6336	10.0	251.0	0.0812	0.0	3.0	0.6396	1.9545	44.013
YGL107C_mRNA	YGL107C	120	2124	497.5	0.2342	51.7	1519.0	0.0	0.0	25.0	0.2417	5.3917	52.8417
YGL108C_mRNA	YGL108C	25	890	411.0	0.4618	1.8	248.0	0.12	169.0	257.0	0.0	4.64	36.92
YGL110C_mRNA	YGL110C	115	2728	475.0	0.1741	35.0	1931.0	0.0261	0.0	68.0	0.1565	1.4609	44.1478
YGL111W_mRNA	YGL111W	169	1746	421.0	0.2411	7.0	1166.0	0.071	116.0	157.0	0.0178	1.858	40.5503
YGL112C_mRNA	YGL112C	143	1756	469.0	0.2671	49.0	1272.0	0.0	0.0	0.0	0.6503	2.8112	53.7273
YGL113W_mRNA	YGL113W	54	2337	552.0	0.2362	47.9	1693.5	0.037	0.65	22.5	0.4444	3.0	44.2222
YGL114W_mRNA	YGL114W	75	2511	658.0	0.262	243.9	1781.0	0.0133	20.2	43.0	0.0267	2.0533	44.8533
YGL115W_mRNA	YGL115W	288	1229	623.0	0.5069	40.0	544.0	0.0035	17.4	36.0	0.0417	4.2882	46.8924
YGL116W_mRNA	YGL116W	35	2103	349.0	0.166	262.9	1733.0	0.0	1.0	6.0	0.7143	0.6857	46.9429
YGL117W_mRNA	YGL117W	725	1378	880.0	0.6386	28.0	78.0	0.0276	365.0	394.0	0.0	2.571	47.5738
YGL118C_mRNA	YGL118C	3	438	184.0	0.4201	239.1	240.0	0.0	0.0	0.0	0.6667	1.6667	227.0
YGL119W_mRNA	YGL119W	52	1874	730.5	0.3898	244.0	1072.5	0.0192	0.0	15.5	0.4231	3.8269	51.1923
YGL120C_mRNA	YGL120C	260	2567	518.0	0.2018	43.7	1935.5	0.0077	68.0	112.0	0.0038	1.9885	34.6
YGL121C_mRNA	YGL121C	84	713	525.5	0.737	0.0	116.5	0.2143	15.0	65.5	0.0476	6.0	39.0714
YGL122C_mRNA	YGL122C	228	1984	617.5	0.3112	4.35	1024.5	0.1272	0.0	251.0	0.0877	5.2763	43.886
YGL123W_mRNA	YGL123W	15764	1145	593.0	0.5179	201.0	518.0	0.0	1.0	6.0	0.7112	2.46	48.8886
YGL124C_mRNA	YGL124C	68	2134	516.5	0.242	405.5	1595.5	0.0	0.0	2.0	0.7941	12.3382	48.1471
YGL125W_mRNA	YGL125W	114	2431	443.0	0.1822	55.0	1795.5	0.0	1.0	5.0	0.6667	3.0175	46.9298
YGL126W_mRNA	YGL126W	103	1462	533.0	0.3646	39.5	866.0	0.0097	1.0	15.0	0.3883	2.7864	61.9029
YGL127C_mRNA	YGL127C	38	657	510.0	0.7763	33.15	61.0	0.0526	70.0	74.5	0.0	11.8947	48.0
YGL128C_mRNA	YGL128C	19	1103	696.0	0.631	30.9	285.0	0.0526	15.8	37.0	0.0	2.6316	53.2632
YGL129C_mRNA	YGL129C	115	2308	569.0	0.2465	517.0	1692.0	0.0	0.0	10.0	0.5391	3.1913	52.6783
YGL130W_mRNA	YGL130W	50	1699	525.5	0.3093	52.7	1022.0	0.0	5.45	141.5	0.1	1.14	35.82
YGL131C_mRNA	YGL131C	35	4391	612.0	0.1394	138.3	3141.0	0.0286	0.0	331.0	0.3429	7.2857	74.2
YGL133W_mRNA	YGL133W	118	4539	459.5	0.1012	2438.05	4019.0	0.0	1.0	29.0	0.1356	1.339	46.0
YGL134W_mRNA	YGL134W	43	1698	458.0	0.2697	11.0	821.0	0.0465	200.0	235.0	0.0233	6.2093	60.186
YGL135W_mRNA	YGL135W	6586	1051	625.0	0.5947	60.0	224.0	0.0015	185.0	192.0	0.0003	3.5079	48.1698
YGL136C_mRNA	YGL136C	103	1305	428.0	0.328	191.7	856.0	0.0	1.0	12.0	0.4369	4.3398	50.1845
YGL137W_mRNA	YGL137W	233	3027	510.0	0.1685	32.2	2377.0	0.0043	3.6	136.0	0.0773	2.9785	49.2618
YGL139W_mRNA	YGL139W	101	3042	538.0	0.1769	101.0	2448.0	0.0	0.0	1.0	0.6337	2.5743	59.0198
YGL140C_mRNA	YGL140C	135	4125	413.0	0.1001	1184.8	3631.0	0.0148	0.0	36.0	0.237	1.7333	37.5111
YGL141W_mRNA	YGL141W	106	2913	552.5	0.1897	64.0	2309.0	0.0189	0.0	22.0	0.217	2.3774	43.9717
YGL142C_mRNA	YGL142C	215	2100	468.0	0.2229	18.5	1453.0	0.0372	40.9	80.0	0.0372	2.2837	46.3442
YGL143C_mRNA	YGL143C	55	1595	396.0	0.2483	188.4	1112.0	0.0	0.0	13.0	0.3818	2.0909	40.0364
YGL144C_mRNA	YGL144C	25	2292	342.0	0.1492	71.0	1751.0	0.0	76.0	84.0	0.04	1.96	56.28
YGL145W_mRNA	YGL145W	112	2293	688.5	0.3003	21.0	1540.5	0.0446	0.0	4.0	0.6875	4.3929	51.7946
YGL146C_mRNA	YGL146C	3	1270	1119.0	0.8811	89.7	150.0	0.0	0.1	1.0	1.0	0.6667	242.0
YGL147C_mRNA	YGL147C	16439	2586	683.0	0.2641	138.0	143.0	0.0004	1735.0	1751.0	0.0005	1.8659	42.6106
YGL148W_mRNA	YGL148W	397	1426	723.0	0.507	97.0	648.0	0.0	11.0	56.0	0.0479	2.005	38.6348
YGL150C_mRNA	YGL150C	89	4806	454.0	0.0945	2764.0	4320.0	0.0	0.0	8.0	0.5169	1.6742	65.573
YGL151W_mRNA	YGL151W	119	3547	483.0	0.1362	27.7	2961.0	0.0168	0.0	8.0	0.7059	2.6975	45.7647
YGL152C_mRNA	YGL152C	1	678	290.0	0.4277	117.0	117.0	0.0	271.0	271.0	0.0	0.0	97.0
YGL153W_mRNA	YGL153W	26	1172	433.5	0.3699	58.5	702.5	0.0	0.5	36.0	0.1538	0.8846	40.1154
YGL154C_mRNA	YGL154C	70	1421	760.5	0.5352	454.9	529.5	0.0	5.15	113.0	0.0714	3.4286	47.8571
YGL155W_mRNA	YGL155W	82	1700	549.0	0.3229	76.45	946.5	0.0122	7.0	229.5	0.1341	1.6585	49.4634
YGL156W_mRNA	YGL156W	67	3625	422.0	0.1164	412.5	3104.0	0.0	0.0	1.0	0.6418	1.5672	46.7761
YGL157W_mRNA	YGL157W	220	1268	618.0	0.4874	64.0	586.0	0.0	0.0	11.5	0.3909	1.8955	44.6545
YGL158W_mRNA	YGL158W	11	2051	641.0	0.3125	644.0	1406.0	0.0	4.0	8.0	0.8182	3.2727	40.4545
YGL159W_mRNA	YGL159W	135	1507	795.0	0.5275	5.7	347.0	0.1185	13.2	261.0	0.0519	3.1704	96.0296
YGL160W_mRNA	YGL160W	94	1992	447.5	0.2246	34.65	1495.0	0.0	14.95	27.0	0.0426	2.2766	44.5745
YGL161C_mRNA	YGL161C	223	1196	642.0	0.5368	24.2	491.0	0.0045	0.0	7.0	0.5381	2.583	48.9821
YGL162W_mRNA	YGL162W	127	1781	404.0	0.2268	573.3	1337.0	0.0	17.0	33.0	0.0472	2.6693	48.8976
YGL163C_mRNA	YGL163C	63	3169	537.0	0.1695	201.7	2518.0	0.0317	0.0	79.0	0.4127	8.9841	54.5873
YGL164C_mRNA	YGL164C	20	1511	260.0	0.1721	66.5	1058.5	0.0	0.0	35.0	0.1	1.0	38.1
YGL165C_mRNA	YGL165C	18	1588	386.0	0.2431	394.05	593.0	0.0	521.75	619.0	0.0	1.0556	29.2222
YGL166W_mRNA	YGL166W	48	924	612.5	0.6629	31.35	233.5	0.0	18.0	55.0	0.0	2.8125	43.3125
YGL167C_mRNA	YGL167C	340	3461	565.5	0.1634	1091.6	2825.5	0.0029	0.0	39.0	0.2618	3.2412	48.0706
YGL168W_mRNA	YGL168W	35	1320	403.0	0.3053	260.9	597.0	0.0	251.0	315.0	0.0	3.0	39.3714
YGL169W_mRNA	YGL169W	52	1564	725.5	0.4639	13.0	695.0	0.0192	17.0	74.5	0.0192	4.6538	52.0192
YGL170C_mRNA	YGL170C	3	1242	867.0	0.6981	37.5	375.0	0.3333	0.0	0.0	0.6667	115.0	133.0
YGL171W_mRNA	YGL171W	113	2021	378.0	0.187	116.8	1439.0	0.0	66.2	209.0	0.0442	1.8407	43.7965
YGL172W_mRNA	YGL172W	186	1575	493.5	0.3133	25.0	1033.0	0.0	2.25	18.0	0.1505	3.2957	44.4516
YGL173C_mRNA	YGL173C	274	5018	537.0	0.107	161.35	4408.5	0.0365	0.0	3.0	0.7701	3.0182	63.0
YGL174W_mRNA	YGL174W	33	1012	416.0	0.4111	14.4	555.0	0.0303	0.6	25.0	0.303	17.0303	43.0909
YGL175C_mRNA	YGL175C	2	1319	433.5	0.3287	0.85	8.5	0.5	815.8	877.0	0.0	63.0	74.0
YGL176C_mRNA	YGL176C	66	2656	420.0	0.1581	1089.25	2231.5	0.0	0.0	11.0	0.4848	1.4545	63.2879
YGL177W_mRNA	YGL177W	5	348	195.0	0.5603	0.0	0.0	0.6	0.0	0.0	0.6	62.0	109.0
YGL178W_mRNA	YGL178W	127	3904	444.0	0.1137	250.9	3100.0	0.0	0.0	10.0	0.5118	11.6299	70.0394
YGL179C_mRNA	YGL179C	85	2601	326.0	0.1253	0.0	984.0	0.1647	0.0	22.0	0.4588	20.1882	54.6706
YGL180W_mRNA	YGL180W	56	3611	467.0	0.1293	8.75	1717.5	0.0536	1.0	105.5	0.4107	2.3929	52.1964
YGL181W_mRNA	YGL181W	76	1680	376.0	0.2238	334.25	1245.5	0.0132	0.0	4.0	0.5789	1.8289	42.4211
YGL182C_mRNA	YGL182C	1	324	231.0	0.713	12.0	12.0	0.0	81.0	81.0	0.0	3.0	3.0
YGL183C_mRNA	YGL183C	3	660	287.0	0.4348	257.8	373.0	0.0	0.0	0.0	1.0	2.0	454.3333
YGL184C_mRNA	YGL184C	58	1623	310.5	0.1913	2.55	1189.0	0.0862	0.0	5.0	0.7586	12.9138	38.7759
YGL185C_mRNA	YGL185C	54	1545	695.5	0.4502	15.0	520.5	0.037	254.55	297.0	0.0185	2.6296	45.6481
YGL186C_mRNA	YGL186C	207	1956	433.0	0.2214	44.9	1348.0	0.0048	85.2	117.0	0.0145	3.2126	46.4831
YGL187C_mRNA	YGL187C	565	940	718.0	0.7638	61.0	134.0	0.0	8.0	20.0	0.0708	6.0637	49.4903
YGL188C-A_mRNA	YGL188C-A	7	810	311.0	0.384	452.3	462.0	0.0	1.2	37.0	0.2857	3.4286	54.8571
YGL188C_mRNA	YGL188C	501	842	731.0	0.8682	1.0	6.0	0.5409	63.0	77.0	0.002	35.2295	39.7705
YGL189C_mRNA	YGL189C	5985	542	425.0	0.7841	113.0	113.0	0.0	0.0	3.0	0.8645	9.5803	39.7163
YGL190C_mRNA	YGL190C	84	2586	508.0	0.1964	46.75	1773.5	0.0238	175.15	253.5	0.0238	3.5119	42.6071
YGL191W_mRNA	YGL191W	1066	770	525.0	0.6818	27.25	97.0	0.0159	17.0	44.0	0.0422	2.5197	46.2064
YGL192W_mRNA	YGL192W	29	2626	413.0	0.1573	2168.0	2198.0	0.0	0.0	0.0	0.8276	1.5172	40.069
YGL193C_mRNA	YGL193C	33	1182	305.0	0.258	150.8	732.0	0.0303	0.0	0.0	0.8485	4.3333	55.5758
YGL194C-A_mRNA	YGL194C-A	129	722	429.0	0.5942	60.8	245.0	0.0	21.4	48.0	0.031	1.7907	48.0698
YGL194C_mRNA	YGL194C	9	1635	282.0	0.1725	317.8	1177.0	0.0	76.2	91.0	0.0	1.1111	49.1111
YGL195W_mRNA	YGL195W	456	8141	544.0	0.0668	2303.5	7497.0	0.0197	11.5	19.0	0.0504	2.0175	40.1162
YGL196W_mRNA	YGL196W	221	1809	496.0	0.2742	325.0	1229.0	0.009	0.0	15.0	0.4615	4.448	61.7466
YGL197W_mRNA	YGL197W	115	5327	519.0	0.0974	577.7	4467.0	0.0	1.0	309.0	0.2435	5.7739	50.9217
YGL198W_mRNA	YGL198W	175	1104	632.0	0.5725	21.8	84.0	0.0	319.8	332.0	0.0	1.56	42.3429
YGL200C_mRNA	YGL200C	1101	922	700.0	0.7592	30.0	80.0	0.0	116.0	128.0	0.0018	2.2961	44.8692
YGL201C_mRNA	YGL201C	47	3321	501.0	0.1509	290.2	2746.0	0.0	6.0	23.0	0.0851	1.4255	35.5957
YGL202W_mRNA	YGL202W	735	2262	515.0	0.2277	13.0	1186.0	0.0449	493.0	551.0	0.0	3.7755	42.4082
YGL203C_mRNA	YGL203C	64	2658	332.5	0.1251	64.1	1968.5	0.0156	232.4	329.0	0.0	1.7344	39.8281
YGL204C_mRNA	YGL204C	51	932	252.0	0.2704	45.0	652.0	0.0588	0.0	28.0	0.1569	3.3333	40.7059
YGL205W_mRNA	YGL205W	10	2501	535.5	0.2141	921.3	1946.5	0.0	2.7	18.0	0.3	4.5	39.6
YGL206C_mRNA	YGL206C	441	5365	514.0	0.0958	1523.0	4790.0	0.0	0.0	14.0	0.4671	3.2834	50.5374
YGL207W_mRNA	YGL207W	91	3356	235.0	0.07	2589.5	3101.0	0.0	0.0	6.0	0.5714	1.7033	99.8132
YGL208W_mRNA	YGL208W	37	1453	531.0	0.3655	327.8	854.0	0.0	15.8	28.0	0.027	2.4054	36.2432
YGL209W_mRNA	YGL209W	109	1553	364.0	0.2344	24.2	754.0	0.0275	113.0	168.0	0.0	11.9633	48.4679
YGL210W_mRNA	YGL210W	111	1284	523.0	0.4073	38.5	488.0	0.009	0.0	19.0	0.2973	3.2973	43.1622
YGL211W_mRNA	YGL211W	116	2526	717.0	0.2838	723.0	1200.5	0.0086	588.25	616.0	0.0259	3.5517	47.9741
YGL212W_mRNA	YGL212W	4	1079	381.0	0.3531	222.3	668.0	0.0	5.55	20.0	0.25	1.5	9.0
YGL213C_mRNA	YGL213C	131	1489	395.0	0.2653	16.5	960.0	0.0	10.5	137.0	0.0534	1.3969	33.8244
YGL215W_mRNA	YGL215W	463	2412	527.0	0.2185	21.1	1843.0	0.0086	9.0	17.0	0.0799	2.378	44.2073
YGL216W_mRNA	YGL216W	41	2731	528.0	0.1933	391.0	2053.0	0.0	1.0	8.0	0.6098	8.4878	43.1951
YGL219C_mRNA	YGL219C	72	1535	329.5	0.2147	55.0	1177.0	0.0	0.0	2.0	0.75	1.9306	36.0972
YGL220W_mRNA	YGL220W	586	1152	439.0	0.3811	692.0	707.0	0.0	0.0	1.0	0.8481	1.5273	41.4522
YGL221C_mRNA	YGL221C	193	1138	477.0	0.4192	8.0	472.0	0.0622	125.0	171.0	0.0	2.1762	41.0518
YGL222C_mRNA	YGL222C	31	735	187.0	0.2544	9.0	547.0	0.0968	0.0	3.0	0.7742	1.1613	33.9032
YGL223C_mRNA	YGL223C	39	1409	637.0	0.4521	11.0	600.0	0.0256	0.0	38.0	0.3333	11.4359	68.0769
YGL224C_mRNA	YGL224C	282	1825	499.0	0.2734	365.05	947.5	0.0	2.0	23.0	0.156	2.6596	47.3617
YGL225W_mRNA	YGL225W	876	3116	483.5	0.1552	1946.75	2609.0	0.0023	0.0	11.0	0.4932	3.7523	52.0982
YGL226C-A_mRNA	YGL226C-A	604	881	419.0	0.4756	11.0	30.0	0.0397	183.3	430.0	0.0017	3.5497	45.2599
YGL226W_mRNA	YGL226W	79	510	417.0	0.8176	11.0	46.0	0.038	0.0	31.0	0.2785	2.4177	34.0633
YGL227W_mRNA	YGL227W	83	3163	689.0	0.2178	1065.5	2365.0	0.0	5.5	87.0	0.0964	1.2289	51.3494
YGL228W_mRNA	YGL228W	86	2080	626.0	0.301	145.25	1408.0	0.0233	2.5	15.0	0.2558	13.7326	41.8837
YGL229C_mRNA	YGL229C	32	2972	405.5	0.1364	705.75	2388.0	0.0	0.0	102.5	0.1875	0.9062	42.9688
YGL230C_mRNA	YGL230C	5	558	375.0	0.672	43.2	183.0	0.0	0.0	1.0	1.0	1.0	68.2
YGL231C_mRNA	YGL231C	764	957	626.5	0.6546	1.0	14.0	0.3953	269.05	314.0	0.0	1.9712	52.6466
YGL232W_mRNA	YGL232W	181	1012	693.0	0.6848	41.0	271.0	0.011	0.0	7.0	0.7348	2.1713	47.6961
YGL233W_mRNA	YGL233W	156	2877	491.0	0.1707	59.0	2340.5	0.0128	0.0	1.0	0.9038	1.9423	58.5641
YGL234W_mRNA	YGL234W	363	3167	485.0	0.1531	669.2	2657.0	0.0	3.0	14.0	0.2534	2.1653	42.9339
YGL236C_mRNA	YGL236C	47	2333	806.0	0.3455	25.3	1465.0	0.0638	0.0	23.0	0.3404	4.234	44.5745
YGL237C_mRNA	YGL237C	56	1144	461.5	0.4034	29.75	629.5	0.0	0.0	108.5	0.1964	3.0179	67.3214
YGL238W_mRNA	YGL238W	424	4001	584.5	0.1461	957.0	3312.0	0.0	58.0	75.0	0.0047	2.9316	45.3113
YGL240W_mRNA	YGL240W	19	1925	657.0	0.3413	824.0	966.0	0.0	8.4	300.0	0.1579	1.0526	50.0
YGL241W_mRNA	YGL241W	71	3143	502.0	0.1597	24.0	2287.0	0.0423	3.0	29.0	0.2676	6.7887	45.4085
YGL242C_mRNA	YGL242C	111	823	569.0	0.6914	19.0	142.0	0.018	0.0	66.0	0.2162	2.0991	43.1171
YGL243W_mRNA	YGL243W	85	1360	855.0	0.6287	66.0	454.0	0.0	3.0	32.0	0.1529	2.8	55.7765
YGL244W_mRNA	YGL244W	156	1853	416.5	0.2248	590.5	1419.0	0.0	1.75	6.0	0.6923	2.3526	33.2436
YGL245W_mRNA	YGL245W	1622	2388	483.0	0.2023	44.1	1730.5	0.0068	151.0	168.0	0.0018	2.418	38.6054
YGL246C_mRNA	YGL246C	160	1382	605.0	0.4378	46.85	751.0	0.0	0.0	26.0	0.1188	2.0625	46.35
YGL247W_mRNA	YGL247W	76	826	627.5	0.7597	72.0	102.0	0.0	0.0	51.0	0.1842	1.8158	49.8026
YGL248W_mRNA	YGL248W	164	1622	526.5	0.3246	82.75	698.0	0.0244	294.45	335.0	0.0061	6.7561	40.0488
YGL249W_mRNA	YGL249W	11	2527	402.0	0.1591	766.0	1826.0	0.0	1.0	13.0	0.4545	0.3636	55.8182
YGL250W_mRNA	YGL250W	45	1062	651.0	0.613	37.0	312.0	0.0222	33.0	93.0	0.0222	2.6222	39.9111
YGL251C_mRNA	YGL251C	37	3997	534.0	0.1336	1377.8	3392.0	0.0	0.0	40.0	0.2703	1.973	50.8378
YGL252C_mRNA	YGL252C	167	2020	444.0	0.2198	29.0	1425.0	0.0299	41.4	128.0	0.0299	2.0419	36.4671
YGL253W_mRNA	YGL253W	1948	2120	848.0	0.4	430.0	1128.0	0.0	0.0	4.0	0.8491	3.4507	54.8527
YGL254W_mRNA	YGL254W	43	1659	836.0	0.5039	16.0	270.0	0.0233	83.2	563.0	0.0465	1.4884	52.3256
YGL255W_mRNA	YGL255W	294	1550	580.5	0.3745	279.65	940.5	0.0136	3.0	9.0	0.6122	18.8912	51.619
YGL256W_mRNA	YGL256W	154	2034	542.0	0.2665	205.3	1418.0	0.013	1.0	29.0	0.1558	3.9156	56.2143
YGL257C_mRNA	YGL257C	170	2047	458.5	0.224	36.4	1469.5	0.0412	65.0	101.0	0.0235	6.3118	51.4941
YGL258W-A_mRNA	YGL258W-A	18	1829	539.0	0.2947	612.3	1205.5	0.0	1.0	8.0	0.5556	7.4444	103.7222
YGL258W_mRNA	YGL258W	32	1561	404.5	0.2591	13.55	285.5	0.0	27.65	946.5	0.0312	5.0312	58.8125
YGL001C_mRNA	YGL001C	541	1449	840.0	0.5797	220.0	577.0	0.0	0.0	0.0	0.9131	2.39	56.7597
YGL002W_mRNA	YGL002W	114	1015	489.5	0.4823	72.0	460.0	0.0088	22.0	81.0	0.0175	2.1053	39.2368
YGL003C_mRNA	YGL003C	76	1986	422.0	0.2125	78.75	1333.0	0.0132	0.0	104.0	0.3421	7.3553	65.9737
YGL004C_mRNA	YGL004C	33	1416	744.0	0.5254	22.2	549.0	0.0303	30.0	109.0	0.0303	3.2727	57.5758
YGL005C_mRNA	YGL005C	124	1450	553.5	0.3817	124.9	776.5	0.0081	0.0	8.0	0.6532	1.3871	52.0565
YGL006W_mRNA	YGL006W	455	4053	577.0	0.1424	419.5	3356.0	0.0044	0.0	3.0	0.5956	2.8945	47.633
YGL007C-A_mRNA	YGL007C-A	11	1305	262.0	0.2008	29.0	848.0	0.0	11.0	238.0	0.0909	1.2727	54.6364
YGL007W_mRNA	YGL007W	18	1085	306.5	0.2825	67.75	745.0	0.0	0.0	2.0	0.6111	4.4444	129.6111
YGL008C_mRNA	YGL008C	4822	3525	489.0	0.1387	1450.25	2979.0	0.0	9.0	15.0	0.0734	3.4455	56.9005
YGL009C_mRNA	YGL009C	2366	2593	504.0	0.1944	82.75	2034.0	0.0385	16.0	53.0	0.0334	2.4594	51.4467
YGL010W_mRNA	YGL010W	60	844	541.0	0.641	48.9	240.0	0.0333	2.85	35.0	0.0833	4.0167	46.5
YGL011C_mRNA	YGL011C	404	1073	856.5	0.7982	1.0	82.5	0.1931	79.0	159.0	0.0025	2.6015	44.2847
YGL012W_mRNA	YGL012W	302	1866	738.0	0.3955	7.0	788.5	0.1258	296.0	307.0	0.0	2.8013	50.6722
YGL013C_mRNA	YGL013C	65	3381	391.0	0.1156	389.2	2973.0	0.0154	0.0	7.0	0.5385	5.7231	72.4923
YGL014W_mRNA	YGL014W	244	3176	538.5	0.1696	146.25	2580.5	0.0	2.15	9.0	0.5164	2.2992	51.9385
YGL015C_mRNA	YGL015C	5	897	500.0	0.5574	3.4	194.0	0.2	186.2	203.0	0.0	47.4	43.8
YGL016W_mRNA	YGL016W	150	3601	580.0	0.1611	114.45	2842.0	0.0	1.0	32.0	0.2067	6.2533	42.4267
YGL017W_mRNA	YGL017W	83	1859	576.0	0.3098	187.2	1206.0	0.0	2.1	66.0	0.1446	3.8675	54.1205
YGL018C_mRNA	YGL018C	34	873	603.0	0.6907	18.95	212.5	0.0	4.3	138.0	0.1765	4.8529	46.8235
YGL019W_mRNA	YGL019W	72	1094	471.0	0.4305	71.5	561.0	0.0139	0.55	14.0	0.1389	5.9167	35.2778
YGL020C_mRNA	YGL020C	248	1126	561.5	0.4987	277.0	530.0	0.0	0.0	6.0	0.6492	3.3226	44.6452
YGL021W_mRNA	YGL021W	110	2393	601.0	0.2511	56.0	1760.0	0.0091	0.0	4.0	0.7727	1.8	38.0727
YGL022W_mRNA	YGL022W	501	2395	513.0	0.2142	311.0	1804.0	0.0	3.0	84.0	0.1018	2.5429	39.9261
YGL023C_mRNA	YGL023C	43	2086	309.0	0.1481	1245.9	1776.0	0.0	0.0	7.0	0.6512	1.6279	31.6279
YGL024W_mRNA	YGL024W	4	336	197.0	0.5863	17.4	138.0	0.25	0.0	1.0	1.0	28.5	106.5
YGL025C_mRNA	YGL025C	42	1301	624.0	0.4796	5.0	648.0	0.0952	0.0	6.5	0.8095	5.3333	41.9524
YGL026C_mRNA	YGL026C	634	2319	542.5	0.2339	28.0	1705.5	0.0158	28.0	78.0	0.0189	1.9054	41.653
YGL027C_mRNA	YGL027C	112	2637	480.5	0.1822	43.5	2078.0	0.0	0.0	8.0	0.7321	1.4821	42.3036
YGL028C_mRNA	YGL028C	234	2344	487.0	0.2078	34.75	1758.0	0.0385	0.0	7.0	0.5641	8.4359	47.7009
YGL029W_mRNA	YGL029W	200	824	355.5	0.4314	227.0	465.0	0.0	0.0	2.0	0.775	2.625	36.355
YGL030W_mRNA	YGL030W	21027	678	457.0	0.674	34.0	49.0	0.0096	167.0	170.0	0.0	3.7823	41.6805
YGL031C_mRNA	YGL031C	8429	761	544.0	0.7148	21.0	50.0	0.0027	112.0	137.0	0.0025	7.1144	41.9652
YGL032C_mRNA	YGL032C	1	584	406.0	0.6952	178.0	178.0	0.0	0.0	0.0	1.0	0.0	101.0
YGL033W_mRNA	YGL033W	19	645	138.0	0.214	0.0	506.0	0.1053	0.0	0.0	0.8421	37.8421	173.9474
YGL034C_mRNA	YGL034C	2	366	205.5	0.5615	2.9	29.0	0.5	108.55	131.5	0.0	65.5	47.5
YGL035C_mRNA	YGL035C	56	1734	584.5	0.3371	8.25	1024.0	0.0536	0.0	3.0	0.8036	5.3214	58.4286
YGL036W_mRNA	YGL036W	102	2879	501.5	0.1742	279.15	2175.0	0.0196	0.0	13.0	0.4412	1.7451	52.7451
YGL037C_mRNA	YGL037C	1067	913	744.0	0.8149	48.0	134.0	0.0019	0.0	0.0	0.8472	3.2221	45.4911
YGL038C_mRNA	YGL038C	109	2014	456.0	0.2264	78.4	1346.0	0.0183	55.0	168.0	0.0	4.7982	39.5046
YGL039W_mRNA	YGL039W	134	1660	649.5	0.3913	395.65	907.0	0.0075	0.0	5.0	0.6866	4.4552	63.4925
YGL040C_mRNA	YGL040C	171	1379	854.0	0.6193	52.5	416.0	0.0058	0.0	3.0	0.614	4.2047	48.6257
YGL041C-B_mRNA	YGL041C-B	8	624	526.5	0.8438	0.0	97.5	0.25	0.0	0.0	1.0	17.625	61.625
YGL041W-A_mRNA	YGL041W-A	296	817	586.5	0.7179	93.25	144.0	0.0	36.0	82.5	0.0101	2.0676	42.1419
YGL043W_mRNA	YGL043W	158	1404	537.5	0.3828	15.0	676.5	0.0	145.0	225.0	0.0	1.9177	42.5633
YGL044C_mRNA	YGL044C	110	1404	496.5	0.3536	14.0	793.5	0.0	0.0	108.0	0.3364	1.8636	52.8636
YGL045W_mRNA	YGL045W	43	2227	666.0	0.2991	737.5	1504.0	0.0	0.0	26.0	0.3488	2.8837	59.0465
YGL047W_mRNA	YGL047W	99	814	607.0	0.7457	11.0	110.0	0.0303	15.0	94.0	0.0303	1.6566	46.1818
YGL048C_mRNA	YGL048C	420	1472	484.0	0.3288	21.0	861.5	0.0143	105.0	119.0	0.0024	1.9643	43.8095
YGL049C_mRNA	YGL049C	202	3250	399.0	0.1228	1696.05	2828.5	0.0	0.0	0.0	0.7723	2.2673	41.198
YGL050W_mRNA	YGL050W	107	1174	514.0	0.4378	58.6	473.0	0.0187	9.6	118.0	0.0561	1.6355	33.4019
YGL051W_mRNA	YGL051W	6	705	501.0	0.7106	0.0	1.5	0.6667	0.0	79.0	0.5	19.5	78.8333
YGL052W_mRNA	YGL052W	32	1423	347.5	0.2442	41.6	648.5	0.0	251.8	432.0	0.0312	5.0938	61.3125
YGL053W_mRNA	YGL053W	1446	1757	290.0	0.1651	87.0	89.0	0.0007	1346.0	1376.0	0.0	111.5851	51.7462
YGL054C_mRNA	YGL054C	1206	842	722.0	0.8575	28.0	90.0	0.0158	22.0	28.0	0.0008	2.2604	44.3267
YGL055W_mRNA	YGL055W	1718	2144	642.0	0.2994	279.0	1376.0	0.0087	0.0	60.0	0.0908	2.7072	49.9412
YGL056C_mRNA	YGL056C	64	1783	487.0	0.2731	13.0	1244.5	0.0312	0.0	3.0	0.9062	1.5	39.5312
YGL057C_mRNA	YGL057C	29	1182	553.0	0.4679	123.6	606.0	0.0	1.8	55.0	0.2069	1.8621	46.5172
YGL058W_mRNA	YGL058W	319	1242	476.0	0.3833	278.0	692.0	0.0	0.0	18.0	0.3981	3.1473	43.1787
YGL059W_mRNA	YGL059W	191	1809	725.0	0.4008	114.0	890.0	0.0	52.5	140.0	0.0314	1.9581	45.6126
YGL060W_mRNA	YGL060W	69	2330	421.0	0.1807	20.0	1709.0	0.0	0.4	183.0	0.1014	8.0435	38.5072
YGL061C_mRNA	YGL061C	64	1067	524.5	0.4916	12.15	375.5	0.0312	68.65	143.0	0.0156	1.9375	45.2969
YGL062W_mRNA	YGL062W	189	4014	402.0	0.1001	45.8	3495.0	0.0423	0.0	6.0	0.7249	2.8201	74.2063
YGL063W_mRNA	YGL063W	31	1818	385.0	0.2118	48.5	1370.0	0.0323	51.5	66.0	0.0323	7.2258	58.0645
YGL064C_mRNA	YGL064C	29	1967	460.0	0.2339	209.4	1361.0	0.0	0.0	8.0	0.5172	1.8276	63.1724
YGL065C_mRNA	YGL065C	54	1690	546.0	0.3231	17.5	757.5	0.037	34.45	68.0	0.037	4.7037	57.1481
YGL066W_mRNA	YGL066W	79	2441	414.0	0.1696	515.4	1978.0	0.0	0.0	41.0	0.2278	1.8101	44.6962
YGL067W_mRNA	YGL067W	127	1470	510.0	0.3469	0.0	733.0	0.1181	183.6	206.0	0.0	7.2362	53.063
YGL068W_mRNA	YGL068W	418	892	638.0	0.7152	2.0	111.0	0.2751	78.2	119.0	0.0144	2.0837	45.6292
YGL070C_mRNA	YGL070C	539	792	614.0	0.7753	9.0	25.0	0.0575	26.9	123.0	0.0223	5.3191	41.7384
YGL071W_mRNA	YGL071W	53	2692	660.0	0.2452	27.4	1663.0	0.0377	0.0	30.0	0.1321	9.1698	45.6226
YGL072C_mRNA	YGL072C	11	748	418.0	0.5588	156.0	242.0	0.0	0.0	0.0	0.8182	5.7273	54.0
YGL073W_mRNA	YGL073W	24	2890	885.5	0.3064	301.2	1902.0	0.0	1.0	1.0	0.7917	1.3333	38.6667
YGL075C_mRNA	YGL075C	17	1707	395.0	0.2314	493.4	1309.0	0.0	0.0	7.0	0.5294	0.8235	42.2941
YGL076C_mRNA	YGL076C	8273	1020	514.0	0.5039	134.0	474.0	0.0	8.0	23.0	0.1708	3.2578	44.5134
YGL077C_mRNA	YGL077C	290	1942	460.0	0.2369	58.35	1439.5	0.0069	1.0	6.0	0.8483	3.4828	51.131
YGL078C_mRNA	YGL078C	308	1892	763.0	0.4033	108.0	1077.0	0.0	0.0	5.5	0.7208	1.763	55.5779
YGL079W_mRNA	YGL079W	48	1390	540.5	0.3888	19.7	233.5	0.0	548.0	592.5	0.0	1.6458	41.5833
YGL080W_mRNA	YGL080W	259	751	509.0	0.6778	19.0	213.0	0.0154	0.0	26.0	0.2625	2.5792	34.2278
YGL081W_mRNA	YGL081W	2	1429	351.0	0.2456	884.95	983.5	0.0	10.35	94.5	0.5	0.5	44.0
YGL082W_mRNA	YGL082W	126	1430	728.0	0.5091	17.75	469.5	0.0159	3.0	14.5	0.4365	1.8889	43.5317
YGL083W_mRNA	YGL083W	41	2667	785.0	0.2943	9.0	1845.0	0.0732	20.0	37.0	0.0	5.7805	37.2927
YGL084C_mRNA	YGL084C	146	1954	579.0	0.2963	9.0	1238.0	0.0685	27.0	128.5	0.0479	3.3699	43.6233
YGL085W_mRNA	YGL085W	45	1066	418.0	0.3921	37.2	628.0	0.0	0.0	8.0	0.5333	2.9556	52.3111
YGL086W_mRNA	YGL086W	176	2317	569.5	0.2458	416.25	1730.5	0.0	0.0	5.0	0.6591	1.9375	52.4545
YGL087C_mRNA	YGL087C	174	653	530.0	0.8116	4.0	36.0	0.092	60.0	84.0	0.0	2.4598	40.2356
YGL088W_mRNA	YGL088W	165	366	204.0	0.5574	161.0	162.0	0.0	0.0	0.0	0.897	2.2121	135.7818
YGL089C_mRNA	YGL089C	1	363	178.0	0.4904	66.0	66.0	0.0	119.0	119.0	0.0	0.0	0.0
YGL090W_mRNA	YGL090W	35	1977	578.0	0.2924	544.4	1105.0	0.0	0.7	21.0	0.2571	2.0286	69.5714
YGL091C_mRNA	YGL091C	145	1221	577.0	0.4726	47.0	617.0	0.0	0.0	9.0	0.5241	2.0207	44.869
YGL092W_mRNA	YGL092W	163	4231	587.0	0.1387	1479.1	3615.0	0.0	0.0	17.0	0.3988	4.1718	57.3742
YGL093W_mRNA	YGL093W	102	2840	614.0	0.2162	995.85	2197.0	0.0	0.0	3.5	0.8529	2.9608	41.6667
YGL094C_mRNA	YGL094C	64	3681	802.0	0.2179	544.0	2800.5	0.0	0.0	0.0	0.7812	2.9688	60.0469
YGL095C_mRNA	YGL095C	141	1912	534.0	0.2793	42.0	1331.0	0.0071	0.0	23.0	0.3759	3.1631	45.0567
YGL096W_mRNA	YGL096W	54	2047	376.5	0.1839	602.25	1626.0	0.037	0.0	3.5	0.5926	15.3889	103.5741
YGL097W_mRNA	YGL097W	207	1640	662.0	0.4037	39.0	925.0	0.0	0.0	12.0	0.4058	6.1208	44.9855
YGL098W_mRNA	YGL098W	150	1917	518.0	0.2702	1.0	679.5	0.1	0.0	514.0	0.1733	31.9267	43.54
YGL099W_mRNA	YGL099W	182	2044	419.5	0.2052	57.05	1608.0	0.0055	5.0	15.0	0.1593	1.7033	51.9945
YGL100W_mRNA	YGL100W	132	1243	399.5	0.3214	51.0	820.0	0.0076	2.0	9.0	0.5758	4.5303	47.4242
YGL101W_mRNA	YGL101W	268	969	579.0	0.5975	28.0	361.5	0.0187	20.0	30.0	0.0112	2.7463	50.4403
YGL104C_mRNA	YGL104C	19	1641	321.0	0.1956	55.0	1320.0	0.0	0.0	0.0	0.7368	3.7368	32.9474
YGR001C_mRNA	YGR001C	358	894	478.5	0.5352	58.0	391.5	0.0	2.0	7.5	0.7095	1.9972	49.1313
YGR002C_mRNA	YGR002C	122	1748	426.0	0.2437	24.95	1273.5	0.0	9.05	41.0	0.0656	2.0328	45.2049
YGR003W_mRNA	YGR003W	55	2508	356.0	0.1419	13.5	2106.0	0.0545	0.0	12.0	0.4909	26.0182	66.6182
YGR004W_mRNA	YGR004W	53	1790	477.0	0.2665	57.0	1245.0	0.0	41.4	63.0	0.0189	3.7358	41.0377
YGR005C_mRNA	YGR005C	98	1420	554.5	0.3905	21.85	746.5	0.0102	10.65	74.0	0.051	2.551	45.9388
YGR006W_mRNA	YGR006W	14	1385	392.0	0.283	42.65	892.5	0.0	1.0	17.5	0.2857	1.2857	32.0
YGR007W_mRNA	YGR007W	64	1828	901.5	0.4932	292.95	825.5	0.0312	1.0	3.0	0.6094	5.3438	46.0
YGR008C_mRNA	YGR008C	1367	1204	445.0	0.3696	93.0	132.0	0.0073	605.0	623.0	0.0	2.3914	41.3204
YGR009C_mRNA	YGR009C	71	2165	354.0	0.1635	1179.5	1761.0	0.0	0.5	20.0	0.2817	1.6338	31.6056
YGR010W_mRNA	YGR010W	50	1524	604.0	0.3963	31.0	862.5	0.02	0.0	1.0	0.64	5.66	76.08
YGR011W_mRNA	YGR011W	54	1427	638.0	0.4471	112.9	750.0	0.037	0.0	1.0	0.6111	5.3333	83.7963
YGR012W_mRNA	YGR012W	99	1374	652.0	0.4745	50.9	591.0	0.0	39.0	74.0	0.0101	1.9798	48.8384
YGR013W_mRNA	YGR013W	21	2184	672.0	0.3077	32.0	1287.0	0.0	3.0	53.0	0.0952	1.8095	43.7143
YGR014W_mRNA	YGR014W	219	4777	409.0	0.0856	909.1	4325.0	0.0	0.0	3.0	0.726	1.9361	52.0
YGR015C_mRNA	YGR015C	35	1237	477.0	0.3856	25.3	744.0	0.0	0.0	29.0	0.3429	1.6	46.9429
YGR016W_mRNA	YGR016W	47	1365	663.0	0.4857	213.9	373.0	0.0213	0.0	286.0	0.2766	1.7234	66.4043
YGR017W_mRNA	YGR017W	137	1587	459.0	0.2892	411.0	1109.0	0.0292	0.0	5.0	0.7664	18.073	49.6277
YGR018C_mRNA	YGR018C	2	1043	250.0	0.2397	697.85	705.5	0.0	45.65	87.5	0.0	2.0	5.5
YGR019W_mRNA	YGR019W	193	1742	593.0	0.3404	27.0	938.0	0.0104	180.0	184.0	0.0052	2.8497	42.6062
YGR020C_mRNA	YGR020C	1523	787	539.0	0.6849	2.0	30.0	0.149	209.0	213.0	0.0	4.4183	37.2508
YGR021W_mRNA	YGR021W	26	1016	457.0	0.4498	41.25	548.0	0.0	1.0	13.0	0.3462	0.8077	46.4615
YGR023W_mRNA	YGR023W	53	2112	520.0	0.2462	830.6	1537.0	0.0189	0.0	18.0	0.434	8.4151	64.7925
YGR024C_mRNA	YGR024C	268	819	740.0	0.9035	6.7	48.0	0.0597	0.0	1.0	0.8022	2.3769	59.4664
YGR025W_mRNA	YGR025W	29	1290	1041.0	0.807	204.2	248.0	0.0	0.0	1.0	0.8276	2.5172	104.5862
YGR026W_mRNA	YGR026W	111	1246	505.0	0.4053	9.5	663.0	0.0541	0.0	111.0	0.1802	2.973	44.3964
YGR027C_mRNA	YGR027C	12553	626	391.0	0.6246	82.0	112.0	0.001	32.0	123.0	0.0026	17.3593	41.4486
YGR027W-A_mRNA	YGR027W-A	1	1323	750.0	0.5669	0.0	0.0	1.0	573.0	573.0	0.0	41.0	1.0
YGR027W-B_mRNA	YGR027W-B	3010	5268	899.0	0.1707	2538.0	4295.5	0.0073	0.0	0.0	0.8751	3.9545	323.3641
YGR028W_mRNA	YGR028W	223	1459	888.0	0.6086	44.5	521.0	0.0135	0.0	30.0	0.2691	6.8072	49.4036
YGR029W_mRNA	YGR029W	192	843	587.5	0.6969	27.0	126.0	0.0052	0.0	121.0	0.2865	4.0052	36.1406
YGR030C_mRNA	YGR030C	123	888	538.0	0.6059	274.3	323.0	0.0163	0.0	9.0	0.7805	3.0813	56.6911
YGR031C-A_mRNA	YGR031C-A	1	492	234.0	0.4756	83.0	83.0	0.0	175.0	175.0	0.0	0.0	16.0
YGR031W_mRNA	YGR031W	41	1700	408.0	0.24	78.0	1163.0	0.0	0.0	88.0	0.2683	2.0976	45.7317
YGR032W_mRNA	YGR032W	144	6028	627.5	0.1041	87.15	5177.5	0.0347	2.3	31.5	0.0833	9.3056	57.7639
YGR033C_mRNA	YGR033C	262	1159	695.5	0.6001	13.35	421.0	0.0267	0.0	31.0	0.0992	3.4275	36.3511
YGR034W_mRNA	YGR034W	15898	875	501.0	0.5726	319.0	348.0	0.0	3.0	20.0	0.4203	3.0174	38.2706
YGR035C_mRNA	YGR035C	25	671	430.0	0.6408	56.0	129.0	0.0	11.0	24.0	0.04	2.64	39.32
YGR035W-A_mRNA	YGR035W-A	6	2392	110.0	0.046	2.5	19.5	0.3333	1717.5	2274.5	0.0	43.0	16.1667
YGR036C_mRNA	YGR036C	57	1791	606.0	0.3384	273.6	602.0	0.0351	2.8	412.0	0.0877	18.7193	42.8246
YGR037C_mRNA	YGR037C	1506	1508	464.0	0.3077	1012.25	1039.0	0.0007	0.0	0.0	0.905	1.6328	74.6162
YGR038C-B_mRNA	YGR038C-B	440	5268	1240.0	0.2354	1562.15	3777.5	0.0023	0.0	0.0	0.7636	3.3432	287.0705
YGR038W_mRNA	YGR038W	122	1187	514.5	0.4334	183.7	635.5	0.0164	0.0	17.0	0.3279	3.8279	51.6639
YGR039W_mRNA	YGR039W	41	498	399.0	0.8012	2.0	31.0	0.2439	0.0	6.0	0.6341	4.439	47.2683
YGR040W_mRNA	YGR040W	101	2110	496.0	0.2351	111.0	1293.0	0.0198	0.0	178.0	0.1584	5.495	46.2772
YGR041W_mRNA	YGR041W	50	2509	377.0	0.1503	40.2	1165.5	0.04	10.0	48.0	0.1	4.06	39.46
YGR042W_mRNA	YGR042W	78	1744	442.5	0.2537	154.25	847.5	0.0256	0.0	8.0	0.5385	1.859	45.2821
YGR043C_mRNA	YGR043C	33	1128	614.0	0.5443	0.0	390.0	0.1212	0.0	0.0	0.8485	14.0606	76.0606
YGR044C_mRNA	YGR044C	225	1302	484.0	0.3717	61.0	781.0	0.0044	1.0	12.0	0.4978	2.1378	56.2978
YGR045C_mRNA	YGR045C	3	1527	522.0	0.3418	1.7	17.0	0.3333	806.2	988.0	0.0	9.6667	57.3333
YGR046W_mRNA	YGR046W	161	1624	670.0	0.4126	38.0	899.0	0.0186	0.0	6.0	0.7205	5.6708	53.3478
YGR047C_mRNA	YGR047C	43	3215	525.0	0.1633	746.3	2576.0	0.0	5.2	46.0	0.0698	3.3721	33.5581
YGR048W_mRNA	YGR048W	81	1299	699.0	0.5381	1.0	502.0	0.2099	79.0	82.0	0.0123	2.8519	44.4198
YGR049W_mRNA	YGR049W	282	1035	566.0	0.5469	76.0	292.5	0.0177	56.0	120.0	0.0035	3.6064	41.2518
YGR050C_mRNA	YGR050C	39	641	340.0	0.5304	81.5	230.0	0.0	0.0	81.0	0.1795	6.0256	43.2564
YGR052W_mRNA	YGR052W	33	1429	457.0	0.3198	20.8	930.0	0.0303	0.0	4.0	0.8485	8.9697	43.5152
YGR053C_mRNA	YGR053C	23	1096	589.0	0.5374	74.0	444.0	0.0	5.1	59.0	0.087	2.2609	52.5652
YGR054W_mRNA	YGR054W	201	2320	511.0	0.2203	34.0	1729.0	0.005	0.0	3.0	0.5871	2.2786	45.0547
YGR055W_mRNA	YGR055W	428	1984	522.0	0.2631	107.0	1439.0	0.0	0.0	11.0	0.4907	1.9696	52.6355
YGR056W_mRNA	YGR056W	35	3261	536.0	0.1644	364.8	2692.0	0.0	1.0	22.0	0.2286	1.6857	48.2
YGR057C_mRNA	YGR057C	146	1985	766.5	0.3861	3.75	348.0	0.089	822.0	842.0	0.0	3.9521	53.7466
YGR058W_mRNA	YGR058W	50	1473	514.0	0.3489	48.9	845.5	0.04	1.35	112.5	0.12	6.0	40.98
YGR059W_mRNA	YGR059W	6	1539	291.5	0.1894	561.0	1247.5	0.0	0.0	0.0	1.0	0.1667	120.8333
YGR060W_mRNA	YGR060W	1073	1343	652.0	0.4855	29.0	619.0	0.0019	0.0	11.0	0.4828	3.192	50.3691
YGR061C_mRNA	YGR061C	286	4471	567.0	0.1268	1958.0	3842.0	0.0	0.0	33.0	0.2517	2.6294	48.0455
YGR062C_mRNA	YGR062C	23	1427	841.0	0.5893	125.0	360.0	0.0	45.1	265.0	0.0	8.6522	47.7826
YGR063C_mRNA	YGR063C	188	980	382.0	0.3898	13.0	35.0	0.0372	506.0	535.0	0.0	1.516	42.5106
YGR064W_mRNA	YGR064W	8	2099	263.5	0.1255	246.25	1669.0	0.0	27.9	104.0	0.0	6.375	39.375
YGR065C_mRNA	YGR065C	86	2034	476.5	0.2343	54.25	1114.0	0.0233	30.25	47.0	0.0	1.7558	46.3488
YGR066C_mRNA	YGR066C	3	1016	869.0	0.8553	8.4	84.0	0.3333	0.0	0.0	0.6667	19.3333	129.3333
YGR067C_mRNA	YGR067C	9	2618	217.0	0.0829	1548.2	2401.0	0.0	0.0	5.0	0.7778	2.1111	26.6667
YGR068C_mRNA	YGR068C	25	2235	407.0	0.1821	177.0	1814.0	0.0	0.0	7.0	0.72	2.88	44.84
YGR069W_mRNA	YGR069W	4	336	122.0	0.3631	91.1	214.0	0.0	0.0	0.0	0.75	1.5	212.75
YGR070W_mRNA	YGR070W	96	3618	520.5	0.1439	858.0	2755.5	0.0208	0.0	11.5	0.5	1.6042	42.1771
YGR071C_mRNA	YGR071C	100	2827	585.0	0.2069	11.7	1599.5	0.05	0.0	41.5	0.31	3.18	58.31
YGR072W_mRNA	YGR072W	55	1322	446.0	0.3374	81.3	834.0	0.0182	0.0	36.0	0.3273	1.4909	51.4909
YGR073C_mRNA	YGR073C	24	1369	470.0	0.3433	3.2	822.5	0.125	3.0	82.5	0.125	2.875	64.2083
YGR074W_mRNA	YGR074W	91	793	684.0	0.8625	39.5	90.0	0.0	1.0	3.0	0.7692	1.5824	51.989
YGR075C_mRNA	YGR075C	19	1257	525.0	0.4177	7.2	78.0	0.1053	0.0	13.0	0.4211	7.6316	72.8947
YGR076C_mRNA	YGR076C	87	691	518.0	0.7496	32.0	140.0	0.0	0.0	25.0	0.3448	1.9655	34.6897
YGR077C_mRNA	YGR077C	92	1881	442.0	0.235	42.55	1406.5	0.0	12.0	29.5	0.0109	1.9565	53.6304
YGR078C_mRNA	YGR078C	58	765	629.5	0.8229	11.0	65.0	0.0345	50.85	59.5	0.0	3.7931	38.6552
YGR079W_mRNA	YGR079W	37	1242	319.0	0.2568	135.6	733.0	0.0	0.0	4.0	0.8378	4.1892	40.8378
YGR080W_mRNA	YGR080W	94	1194	929.0	0.7781	18.0	185.0	0.0213	9.9	69.0	0.0532	3.3298	38.9255
YGR081C_mRNA	YGR081C	139	1029	555.0	0.5394	2.0	216.0	0.1007	207.0	254.0	0.0	2.6475	48.7482
YGR082W_mRNA	YGR082W	328	898	619.5	0.6899	160.0	238.5	0.0	0.0	9.0	0.6037	3.3506	53.4939
YGR083C_mRNA	YGR083C	204	2122	493.0	0.2323	73.55	1609.5	0.0196	0.0	6.0	0.598	4.6471	55.5294
YGR084C_mRNA	YGR084C	111	1280	491.0	0.3836	7.5	693.0	0.0631	0.0	0.0	0.7748	5.1261	77.3964
YGR085C_mRNA	YGR085C	7433	1528	606.0	0.3966	882.0	909.0	0.0055	0.0	4.0	0.684	2.0474	48.9369
YGR086C_mRNA	YGR086C	287	1621	526.0	0.3245	227.6	1082.0	0.0	0.0	7.0	0.6272	2.3519	43.3171
YGR087C_mRNA	YGR087C	8	2126	386.0	0.1816	76.8	1532.5	0.0	0.0	15.5	0.5	0.875	47.25
YGR088W_mRNA	YGR088W	79	2843	384.0	0.1351	1268.5	2440.0	0.0253	0.0	5.0	0.8101	4.2532	39.8354
YGR089W_mRNA	YGR089W	84	3214	535.0	0.1665	437.55	2588.5	0.0	0.0	2.0	0.5952	1.9643	50.2857
YGR090W_mRNA	YGR090W	250	4114	452.5	0.11	1000.6	3614.0	0.008	0.0	29.0	0.12	2.076	45.464
YGR091W_mRNA	YGR091W	47	1730	692.0	0.4	9.0	941.0	0.1064	3.0	69.0	0.1702	1.5106	46.6383
YGR092W_mRNA	YGR092W	149	1960	476.0	0.2429	27.4	1385.0	0.0336	1.0	6.0	0.6577	4.4765	49.2953
YGR093W_mRNA	YGR093W	85	1733	794.0	0.4582	35.6	861.0	0.0235	8.8	42.0	0.0588	4.1176	42.8353
YGR094W_mRNA	YGR094W	2517	4073	512.0	0.1257	1982.8	3533.0	0.0004	0.0	14.0	0.2686	2.1216	44.0715
YGR095C_mRNA	YGR095C	153	1495	547.0	0.3659	653.0	928.0	0.0	0.0	7.0	0.7516	3.4575	76.0654
YGR096W_mRNA	YGR096W	28	1196	420.5	0.3516	5.1	597.0	0.1071	113.4	123.5	0.0	2.5357	41.0357
YGR097W_mRNA	YGR097W	194	4062	389.5	0.0959	249.6	3527.0	0.0	0.0	16.0	0.3969	3.6649	70.7784
YGR098C_mRNA	YGR098C	75	5301	499.0	0.0941	1120.4	4674.0	0.0	0.0	5.0	0.7067	2.6667	77.2933
YGR099W_mRNA	YGR099W	71	2211	551.0	0.2492	61.0	1645.0	0.0	0.0	1.0	0.7324	2.9014	45.7465
YGR100W_mRNA	YGR100W	100	3204	459.0	0.1433	163.95	2671.5	0.0	1.0	39.0	0.16	1.69	43.43
YGR101W_mRNA	YGR101W	104	1296	710.0	0.5478	31.3	451.0	0.0096	3.0	85.0	0.0962	2.4231	46.3846
YGR102C_mRNA	YGR102C	76	823	449.5	0.5462	105.75	324.5	0.0	0.0	0.0	0.7632	1.8421	47.2105
YGR103W_mRNA	YGR103W	977	2073	446.0	0.2151	272.0	1559.0	0.0041	5.4	45.0	0.0512	2.8188	41.3245
YGR104C_mRNA	YGR104C	57	1121	577.0	0.5147	10.0	457.0	0.0526	0.0	62.0	0.3158	2.6667	59.0877
YGR105W_mRNA	YGR105W	834	789	431.0	0.5463	330.0	344.0	0.0024	1.0	8.0	0.7746	3.0827	40.9365
YGR106C_mRNA	YGR106C	1259	1037	889.0	0.8573	10.9	48.0	0.05	73.0	81.0	0.004	3.4766	50.7434
YGR107W_mRNA	YGR107W	25	1225	258.0	0.2106	47.4	619.0	0.08	136.2	405.0	0.0	18.68	41.16
YGR108W_mRNA	YGR108W	113	1893	673.0	0.3555	9.6	1021.0	0.0619	53.6	103.0	0.0	1.5752	55.0354
YGR109C_mRNA	YGR109C	19	1352	367.0	0.2714	27.0	969.0	0.0	0.0	3.0	0.7368	2.5263	57.7368
YGR109W-B_mRNA	YGR109W-B	37	4644	356.0	0.0767	2592.0	4288.0	0.0	0.0	0.0	0.9459	3.3243	250.8649
YGR110W_mRNA	YGR110W	13	1484	392.0	0.2642	108.0	1025.0	0.0	0.0	4.0	0.5385	2.2308	49.2308
YGR111W_mRNA	YGR111W	124	1423	630.0	0.4427	53.5	783.0	0.0081	0.0	10.0	0.5403	4.1613	42.4274
YGR112W_mRNA	YGR112W	38	1485	646.5	0.4354	9.55	667.0	0.1053	19.0	93.5	0.0263	4.5526	89.1053
YGR113W_mRNA	YGR113W	36	1432	338.0	0.236	43.0	1034.5	0.0	0.0	12.0	0.5	2.5556	39.1111
YGR116W_mRNA	YGR116W	570	4711	474.0	0.1006	1679.6	4149.0	0.0	0.0	87.0	0.0877	1.9316	51.014
YGR117C_mRNA	YGR117C	136	1722	749.0	0.435	3.0	713.5	0.0809	1.0	15.5	0.2721	1.5147	50.3309
YGR118W_mRNA	YGR118W	13982	810	609.0	0.7519	18.0	23.0	0.0248	152.0	168.0	0.001	1.9467	41.0981
YGR119C_mRNA	YGR119C	253	1883	502.0	0.2666	39.2	1295.0	0.004	0.0	65.0	0.1621	2.2846	49.3794
YGR120C_mRNA	YGR120C	127	1070	413.0	0.386	63.0	643.0	0.0	0.0	14.0	0.4646	3.8504	44.8425
YGR121C_mRNA	YGR121C	175	1667	425.0	0.2549	8.1	1217.0	0.0686	0.0	4.0	0.6743	2.6857	48.1943
YGR121W-A_mRNA	YGR121W-A	18	496	333.0	0.6714	33.25	131.0	0.0	5.85	15.0	0.3333	1.0	49.1111
YGR122C-A_mRNA	YGR122C-A	107	838	417.0	0.4976	319.0	361.0	0.0	0.0	1.0	0.8411	50.2991	52.1682
YGR122W_mRNA	YGR122W	61	1747	624.0	0.3572	16.0	894.0	0.0492	1.0	18.0	0.2459	9.0	43.2623
YGR123C_mRNA	YGR123C	208	1798	702.5	0.3907	62.9	1092.5	0.0	0.0	6.0	0.8413	2.1346	55.0385
YGR124W_mRNA	YGR124W	1038	2108	534.0	0.2533	76.0	1410.5	0.0077	70.0	180.0	0.0058	3.368	44.317
YGR125W_mRNA	YGR125W	280	3366	514.5	0.1529	721.95	2808.5	0.0143	0.0	20.0	0.4071	4.8429	52.1143
YGR126W_mRNA	YGR126W	4	693	280.5	0.4048	0.0	0.0	0.75	50.1	412.5	0.25	82.0	72.0
YGR127W_mRNA	YGR127W	36	1843	461.0	0.2501	26.0	955.5	0.0278	0.0	187.0	0.4167	26.3889	36.1389
YGR128C_mRNA	YGR128C	269	2438	544.0	0.2231	14.0	1720.0	0.0223	126.2	157.0	0.0	2.1896	43.0669
YGR129W_mRNA	YGR129W	45	1431	591.0	0.413	7.8	323.0	0.0667	258.2	521.0	0.0222	2.9333	40.4
YGR130C_mRNA	YGR130C	61	2769	491.0	0.1773	240.0	2260.0	0.0	0.0	6.0	0.6557	3.541	52.9672
YGR131W_mRNA	YGR131W	122	760	630.5	0.8296	0.0	98.5	0.0984	0.0	5.0	0.6148	12.1066	51.3525
YGR132C_mRNA	YGR132C	647	2027	667.0	0.3291	875.0	1266.0	0.0031	0.0	3.0	0.6368	2.4745	63.5811
YGR133W_mRNA	YGR133W	35	740	440.0	0.5946	39.0	264.0	0.0	0.0	0.0	0.8571	2.6571	74.1714
YGR134W_mRNA	YGR134W	40	3642	628.0	0.1724	0.0	2478.0	0.15	0.0	92.0	0.2	8.225	52.575
YGR135W_mRNA	YGR135W	658	1405	839.0	0.5972	410.0	475.5	0.0015	32.0	68.0	0.0046	2.5137	34.3161
YGR136W_mRNA	YGR136W	390	995	486.5	0.4889	8.0	497.0	0.1436	0.0	4.0	0.9128	2.8897	52.2538
YGR137W_mRNA	YGR137W	135	982	622.0	0.6334	0.0	357.0	0.2519	1.0	4.0	0.963	2.2593	39.7185
YGR138C_mRNA	YGR138C	503	2235	410.0	0.1834	168.0	1805.0	0.006	0.0	2.0	0.7078	2.5646	72.1093
YGR140W_mRNA	YGR140W	41	3374	451.0	0.1337	1.0	2816.0	0.0732	1.0	6.0	0.6098	9.2683	49.6585
YGR141W_mRNA	YGR141W	67	1861	504.0	0.2708	25.6	1022.0	0.0149	143.4	345.0	0.0448	4.0896	41.5224
YGR142W_mRNA	YGR142W	3247	1785	433.0	0.2426	466.0	1333.0	0.0006	0.0	1.0	0.8445	1.9794	39.6092
YGR143W_mRNA	YGR143W	143	3150	504.0	0.16	0.1	2460.0	0.0839	0.0	4.0	0.6993	3.2517	45.8741
YGR144W_mRNA	YGR144W	8	1101	318.5	0.2893	98.1	782.5	0.0	0.0	0.0	0.875	4.375	76.25
YGR145W_mRNA	YGR145W	65	2287	349.0	0.1526	927.8	1906.0	0.0	0.0	4.0	0.6769	2.1846	43.7846
YGR146C-A_mRNA	YGR146C-A	21	1600	228.0	0.1425	478.0	649.0	0.0	188.0	750.0	0.0	2.7143	36.8095
YGR146C_mRNA	YGR146C	305	1214	478.0	0.3937	70.0	691.0	0.0	0.0	29.0	0.4459	3.1311	52.0984
YGR147C_mRNA	YGR147C	167	1271	519.0	0.4083	18.1	490.0	0.012	217.0	233.0	0.0	2.7006	36.4611
YGR148C_mRNA	YGR148C	4074	878	539.0	0.6139	240.0	255.0	0.0005	0.0	21.0	0.2334	5.7715	39.0272
YGR149W_mRNA	YGR149W	183	2704	351.0	0.1298	184.0	572.0	0.0273	642.2	695.0	0.0	6.8306	43.9836
YGR150C_mRNA	YGR150C	62	2744	1182.0	0.4308	12.0	1249.0	0.0484	0.0	15.5	0.4355	4.7903	60.3871
YGR151C_mRNA	YGR151C	91	1068	405.0	0.3792	57.5	636.0	0.022	0.0	1.0	0.7363	3.8901	60.6923
YGR152C_mRNA	YGR152C	53	1064	551.0	0.5179	16.6	471.0	0.0566	0.0	13.0	0.4528	8.3208	41.2075
YGR153W_mRNA	YGR153W	53	893	391.0	0.4378	135.2	480.0	0.0377	0.0	31.0	0.434	1.8302	52.2075
YGR154C_mRNA	YGR154C	70	1792	532.5	0.2972	221.45	1016.0	0.0	56.0	115.0	0.0143	1.5143	36.3286
YGR155W_mRNA	YGR155W	1676	1745	541.5	0.3103	38.0	1168.0	0.0012	1.0	12.0	0.4272	3.2864	53.5889
YGR156W_mRNA	YGR156W	61	1595	529.0	0.3317	35.0	937.0	0.0	0.0	81.0	0.2623	4.2951	47.2787
YGR157W_mRNA	YGR157W	642	3045	646.0	0.2122	130.05	2263.5	0.0109	19.0	92.0	0.0202	2.7025	44.9268
YGR158C_mRNA	YGR158C	109	1083	422.0	0.3897	21.4	621.0	0.0183	15.0	37.0	0.0183	2.2202	49.3761
YGR159C_mRNA	YGR159C	1459	1542	457.0	0.2964	115.0	1075.0	0.0	0.0	6.0	0.5922	3.1282	48.1953
YGR161C-D_mRNA	YGR161C-D	682	5268	561.0	0.1065	2257.3	4629.5	0.0	0.0	0.0	0.8636	4.4413	312.4765
YGR161C_mRNA	YGR161C	583	1100	470.0	0.4273	16.0	503.0	0.0051	0.0	2.0	0.7153	4.1132	85.3328
YGR161W-A_mRNA	YGR161W-A	25	1317	271.0	0.2058	0.0	735.0	0.4	146.2	321.0	0.0	20.72	35.76
YGR161W-B_mRNA	YGR161W-B	298	5313	1241.5	0.2337	584.55	3702.5	0.0168	0.0	0.0	0.6611	3.9195	244.6644
YGR161W-C_mRNA	YGR161W-C	235	799	514.0	0.6433	35.7	247.0	0.0	6.7	24.0	0.0894	3.4043	45.7362
YGR162W_mRNA	YGR162W	1192	3323	543.5	0.1636	1509.0	2732.5	0.0034	0.0	12.0	0.4715	2.401	51.6955
YGR163W_mRNA	YGR163W	38	1248	1087.0	0.871	101.95	135.0	0.0	0.0	9.0	0.7105	2.2632	50.3421
YGR164W_mRNA	YGR164W	26	1311	480.0	0.3661	52.5	514.5	0.0769	305.0	312.0	0.0	14.9615	37.5769
YGR165W_mRNA	YGR165W	93	1308	478.0	0.3654	91.0	830.0	0.0	0.0	2.0	0.8172	1.6237	62.8817
YGR166W_mRNA	YGR166W	116	1872	461.5	0.2465	17.75	1341.0	0.0172	1.0	7.0	0.6207	1.6121	47.8362
YGR167W_mRNA	YGR167W	382	1316	459.0	0.3488	15.0	479.0	0.0393	342.0	382.0	0.0	2.534	40.3717
YGR168C_mRNA	YGR168C	121	1346	678.0	0.5037	72.0	491.0	0.0	0.0	27.0	0.2562	2.3884	46.3884
YGR169C-A_mRNA	YGR169C-A	323	797	486.0	0.6098	61.2	277.0	0.0	4.0	17.0	0.192	2.6223	40.8019
YGR169C_mRNA	YGR169C	30	1401	343.5	0.2452	75.0	1006.5	0.0	8.65	32.0	0.0667	0.3667	37.9667
YGR170W_mRNA	YGR170W	107	3739	446.0	0.1193	1268.2	3266.0	0.0187	0.0	3.0	0.6916	2.1495	45.5421
YGR171C_mRNA	YGR171C	39	1882	364.0	0.1934	45.9	1509.0	0.0256	0.0	7.0	0.6667	20.8718	40.641
YGR172C_mRNA	YGR172C	231	1024	547.0	0.5342	12.0	380.0	0.0303	74.0	111.0	0.0	2.3983	52.5974
YGR173W_mRNA	YGR173W	156	1447	514.5	0.3556	13.0	729.0	0.0513	14.75	79.0	0.0449	1.6667	35.2949
YGR174C_mRNA	YGR174C	53	952	336.0	0.3529	357.6	596.0	0.0	0.0	4.0	0.6981	2.6604	42.0377
YGR174W-A_mRNA	YGR174W-A	67	1002	299.0	0.2984	167.5	697.0	0.0299	0.0	0.0	0.8955	3.0448	52.9403
YGR175C_mRNA	YGR175C	1081	1798	688.0	0.3826	14.0	1050.0	0.0204	28.0	32.0	0.0102	2.5143	54.3932
YGR177C_mRNA	YGR177C	74	2219	445.5	0.2008	332.0	1124.5	0.0	0.0	14.5	0.3108	2.973	55.1351
YGR178C_mRNA	YGR178C	251	2537	574.0	0.2263	63.0	1924.0	0.004	1.0	14.0	0.2948	3.4024	46.2948
YGR179C_mRNA	YGR179C	31	1431	358.0	0.2502	45.0	981.0	0.0323	5.0	60.0	0.0968	1.3871	30.129
YGR180C_mRNA	YGR180C	1548	1382	639.5	0.4627	15.0	716.0	0.0161	4.0	13.0	0.2003	3.677	43.9199
YGR181W_mRNA	YGR181W	215	631	500.0	0.7924	31.0	83.0	0.0093	6.1	40.0	0.0558	3.414	48.3442
YGR182C_mRNA	YGR182C	542	814	498.5	0.6124	1.0	58.5	0.3395	153.0	256.0	0.0018	19.7878	39.4539
YGR183C_mRNA	YGR183C	1055	734	561.0	0.7643	7.7	70.0	0.0682	62.0	99.0	0.0199	2.9355	51.7365
YGR184C_mRNA	YGR184C	110	6356	540.5	0.085	50.5	5626.5	0.0091	0.0	17.0	0.1273	2.4	41.7
YGR185C_mRNA	YGR185C	827	1362	699.0	0.5132	21.0	558.0	0.0181	17.0	53.0	0.0036	2.3724	37.9395
YGR186W_mRNA	YGR186W	253	2440	504.0	0.2066	1284.6	1783.0	0.0	65.8	159.0	0.0237	1.9447	40.2134
YGR187C_mRNA	YGR187C	90	1476	333.5	0.2259	18.45	1029.5	0.0111	41.0	85.0	0.0111	1.5667	23.1444
YGR188C_mRNA	YGR188C	38	3308	458.5	0.1386	16.4	2535.5	0.0263	0.0	50.0	0.1316	2.0526	35.1579
YGR189C_mRNA	YGR189C	955	1778	417.0	0.2345	73.0	1343.0	0.0031	0.0	12.0	0.4901	3.066	42.823
YGR190C_mRNA	YGR190C	81	4457	111.0	0.0249	2449.0	3893.0	0.0	33.0	479.0	0.0494	3.3333	57.3086
YGR191W_mRNA	YGR191W	119	2584	446.0	0.1726	39.4	1805.0	0.0336	249.5	352.0	0.0	1.6134	35.7563
YGR192C_mRNA	YGR192C	36387	2342	550.0	0.2348	1207.0	1774.0	0.0	0.0	6.0	0.8136	2.27	46.7596
YGR193C_mRNA	YGR193C	261	2573	444.0	0.1726	17.0	1264.0	0.0268	29.0	1122.0	0.0192	1.8084	39.0728
YGR194C_mRNA	YGR194C	35	2054	558.0	0.2717	243.6	1474.0	0.0	0.0	10.0	0.6571	1.3143	59.4857
YGR195W_mRNA	YGR195W	127	1272	567.0	0.4458	4.0	374.0	0.1339	319.0	333.0	0.0079	5.2677	43.9843
YGR196C_mRNA	YGR196C	46	2645	554.0	0.2095	1622.0	2072.0	0.0	4.0	6.0	0.6087	1.7609	39.6739
YGR197C_mRNA	YGR197C	96	1940	347.0	0.1789	41.25	1478.5	0.0	0.0	29.0	0.1042	2.5521	52.2396
YGR198W_mRNA	YGR198W	201	2691	443.0	0.1646	76.0	2112.0	0.0	0.0	40.0	0.1692	2.7015	58.1443
YGR199W_mRNA	YGR199W	101	2809	618.0	0.22	188.0	1812.0	0.0	13.0	289.0	0.0495	3.703	50.198
YGR200C_mRNA	YGR200C	180	2791	475.5	0.1704	37.15	1937.0	0.05	275.3	305.0	0.0	5.6667	42.9222
YGR201C_mRNA	YGR201C	60	770	640.5	0.8318	44.3	105.0	0.0	0.0	8.0	0.5833	2.1167	42.0167
YGR202C_mRNA	YGR202C	119	1511	774.0	0.5122	96.8	699.0	0.0	0.0	1.0	0.8403	1.7311	53.0
YGR203W_mRNA	YGR203W	55	1128	599.0	0.531	410.1	493.0	0.0	0.0	5.0	0.8	2.0364	41.6182
YGR204C-A_mRNA	YGR204C-A	7	1208	128.0	0.106	746.9	1080.0	0.0	0.0	0.0	0.8571	1.8571	222.1429
YGR204W_mRNA	YGR204W	614	3025	505.5	0.1671	262.6	2435.5	0.0	2.0	20.0	0.2573	2.5733	45.1205
YGR205W_mRNA	YGR205W	24	1237	447.5	0.3618	9.15	595.5	0.125	15.0	66.0	0.0417	3.2083	48.875
YGR206W_mRNA	YGR206W	94	579	387.5	0.6693	101.65	180.5	0.0213	1.0	7.0	0.6277	2.4894	42.1383
YGR207C_mRNA	YGR207C	206	1430	608.0	0.4252	3.75	312.0	0.0631	467.25	486.0	0.0	1.801	43.1699
YGR208W_mRNA	YGR208W	92	1227	637.0	0.5192	9.0	330.5	0.1087	135.0	192.0	0.0	2.1522	41.1739
YGR209C_mRNA	YGR209C	2191	1586	431.0	0.2718	21.0	54.0	0.0037	1092.0	1096.0	0.0009	2.4879	45.3597
YGR210C_mRNA	YGR210C	254	1569	482.0	0.3072	93.3	932.0	0.0079	52.45	116.0	0.0394	2.0748	42.8701
YGR211W_mRNA	YGR211W	1423	1785	734.0	0.4112	76.0	1011.0	0.0014	1.0	6.0	0.7695	3.13	41.5348
YGR212W_mRNA	YGR212W	15	1507	494.0	0.3278	94.6	847.0	0.0	0.0	1.0	0.6667	1.3333	48.6
YGR213C_mRNA	YGR213C	59	1100	566.0	0.5145	0.0	409.0	0.2203	0.0	10.0	0.5085	9.7627	107.1356
YGR214W_mRNA	YGR214W	2142	1038	542.5	0.5226	96.0	384.5	0.0019	34.0	94.0	0.0042	3.1092	36.3319
YGR215W_mRNA	YGR215W	198	609	467.0	0.7668	6.85	34.0	0.0859	44.55	113.0	0.0152	2.2677	33.0202
YGR216C_mRNA	YGR216C	105	2136	713.0	0.3338	19.4	1140.0	0.0286	120.4	154.0	0.0	4.0667	50.9238
YGR217W_mRNA	YGR217W	47	6212	467.0	0.0752	1021.8	5560.0	0.0213	0.0	9.0	0.617	2.234	36.9574
YGR218W_mRNA	YGR218W	340	3765	541.0	0.1437	1054.85	3190.0	0.0176	0.0	9.0	0.55	2.1706	42.8882
YGR220C_mRNA	YGR220C	237	1210	513.0	0.424	13.8	386.0	0.0169	217.6	307.0	0.0	2.8523	42.7173
YGR221C_mRNA	YGR221C	28	2237	537.0	0.2401	218.1	1412.0	0.0357	9.0	37.5	0.1429	2.2857	48.4643
YGR222W_mRNA	YGR222W	137	1422	660.0	0.4641	437.4	680.0	0.0292	0.0	3.0	0.6496	2.3869	48.6277
YGR223C_mRNA	YGR223C	62	2073	496.0	0.2393	9.8	1396.0	0.0645	0.0	6.0	0.5645	9.3226	31.8065
YGR224W_mRNA	YGR224W	4	1842	537.0	0.2915	15.6	595.5	0.25	0.3	5.5	0.75	6.0	236.75
YGR225W_mRNA	YGR225W	6	1995	299.0	0.1499	1.0	1214.5	0.3333	1.25	20.0	0.5	45.6667	47.1667
YGR227C-A_mRNA	YGR227C-A	1	218	98.0	0.4495	15.0	15.0	0.0	105.0	105.0	0.0	1.0	3.0
YGR227W_mRNA	YGR227W	59	1872	446.0	0.2382	16.0	1300.0	0.0508	0.0	128.0	0.1186	2.2034	62.2881
YGR229C_mRNA	YGR229C	277	2063	414.0	0.2007	96.0	1638.0	0.0036	0.0	6.0	0.7365	2.7617	52.0686
YGR230W_mRNA	YGR230W	111	745	485.0	0.651	21.5	223.0	0.009	19.5	63.0	0.027	1.4955	46.6577
YGR231C_mRNA	YGR231C	299	1265	484.0	0.3826	55.0	745.0	0.0	0.0	8.0	0.6221	2.2408	41.3311
YGR232W_mRNA	YGR232W	225	884	706.0	0.7986	6.0	113.0	0.0844	18.0	37.0	0.0	5.0044	42.1467
YGR233C_mRNA	YGR233C	254	3818	497.0	0.1302	929.55	3264.5	0.0039	0.0	7.0	0.5866	4.2402	49.7165
YGR234W_mRNA	YGR234W	6490	1586	659.0	0.4155	97.0	906.0	0.0002	0.0	10.0	0.5017	2.9784	49.4761
YGR235C_mRNA	YGR235C	205	1083	765.0	0.7064	226.0	305.0	0.0	0.0	6.0	0.6634	2.8341	57.7805
YGR236C_mRNA	YGR236C	19	952	437.0	0.459	0.0	192.0	0.1053	0.0	471.0	0.3684	18.6842	46.4211
YGR237C_mRNA	YGR237C	99	2591	429.0	0.1656	423.8	2140.0	0.0101	0.0	13.0	0.4747	3.2626	53.7374
YGR238C_mRNA	YGR238C	42	3124	465.5	0.149	344.15	2594.5	0.0	0.0	23.0	0.4048	3.119	48.2857
YGR239C_mRNA	YGR239C	110	1422	321.0	0.2257	218.25	742.5	0.0	347.7	362.0	0.0	2.1909	40.1364
YGR240C_mRNA	YGR240C	1024	3454	610.0	0.1766	343.0	2737.0	0.0107	17.0	30.0	0.0078	2.6582	50.749
YGR241C_mRNA	YGR241C	82	2041	596.0	0.292	59.1	1256.5	0.0244	0.0	101.0	0.2073	5.6829	51.7195
YGR243W_mRNA	YGR243W	123	691	602.0	0.8712	32.2	63.0	0.0407	0.0	4.0	0.6585	3.7805	54.6504
YGR244C_mRNA	YGR244C	212	1543	556.5	0.3607	42.2	894.5	0.0047	0.0	12.0	0.4858	3.3443	50.2736
YGR245C_mRNA	YGR245C	224	2830	386.5	0.1366	1704.1	2109.0	0.0	173.3	314.0	0.0	1.5045	37.6295
YGR246C_mRNA	YGR246C	74	2128	446.0	0.2096	637.55	1680.5	0.0	0.0	3.0	0.8649	2.6757	42.0
YGR247W_mRNA	YGR247W	27	1096	334.0	0.3047	35.6	451.0	0.0	120.4	175.0	0.0	0.7037	39.5926
YGR248W_mRNA	YGR248W	36	1002	853.0	0.8513	3.0	27.5	0.1389	104.0	117.0	0.0	3.6667	51.6944
YGR249W_mRNA	YGR249W	66	2147	442.0	0.2059	226.0	1674.5	0.0152	0.0	1.0	0.8788	11.9545	72.6061
YGR250C_mRNA	YGR250C	577	2711	721.0	0.266	93.0	1937.0	0.0069	1.6	14.0	0.4367	5.1508	55.5113
YGR251W_mRNA	YGR251W	143	1180	423.0	0.3585	335.4	671.0	0.0	0.0	17.0	0.4056	2.3427	49.6364
YGR252W_mRNA	YGR252W	69	1590	1118.0	0.7031	28.4	391.0	0.0	0.0	10.0	0.5217	2.3188	64.4203
YGR253C_mRNA	YGR253C	440	1681	749.0	0.4456	15.0	132.0	0.0182	734.0	761.0	0.0	2.2909	42.5545
YGR254W_mRNA	YGR254W	5674	1641	535.0	0.326	27.0	954.0	0.0028	119.0	124.0	0.0086	2.2963	42.8377
YGR255C_mRNA	YGR255C	98	1772	498.5	0.2813	21.0	1067.0	0.0306	81.65	181.0	0.0	2.2449	37.2755
YGR256W_mRNA	YGR256W	23	1629	581.0	0.3567	538.4	1039.0	0.0	0.0	9.0	0.6087	11.5652	62.1304
YGR257C_mRNA	YGR257C	145	1319	505.0	0.3829	25.0	772.0	0.0138	2.0	45.0	0.1172	3.7172	45.2483
YGR258C_mRNA	YGR258C	92	3194	547.0	0.1713	1035.75	2635.5	0.0109	0.0	11.0	0.5	3.0326	37.9783
YGR259C_mRNA	YGR259C	2	1060	605.0	0.5708	103.85	453.5	0.0	0.15	1.5	1.0	5.0	7.5
YGR260W_mRNA	YGR260W	323	1965	683.0	0.3476	50.0	1227.0	0.0031	0.0	3.0	0.6687	3.291	53.3467
YGR261C_mRNA	YGR261C	162	2613	466.5	0.1785	66.0	2109.5	0.0	0.0	22.0	0.463	1.7469	40.142
YGR262C_mRNA	YGR262C	62	1017	589.0	0.5792	16.3	232.5	0.0	61.0	82.0	0.0161	13.2419	27.1935
YGR263C_mRNA	YGR263C	44	1424	483.0	0.3392	111.5	930.0	0.0	0.0	2.0	0.7955	1.2955	51.1364
YGR264C_mRNA	YGR264C	931	2980	572.0	0.1919	514.0	2367.0	0.0	0.0	11.0	0.3716	2.9484	51.5607
YGR266W_mRNA	YGR266W	91	2401	531.0	0.2212	18.0	1809.0	0.011	0.0	10.0	0.5055	2.7363	50.044
YGR267C_mRNA	YGR267C	716	1920	584.0	0.3042	511.5	1161.0	0.0112	125.0	151.0	0.0098	2.7779	40.5014
YGR268C_mRNA	YGR268C	30	1250	632.5	0.506	234.25	510.5	0.0333	12.65	104.0	0.0667	3.5333	40.6333
YGR270W_mRNA	YGR270W	124	4515	439.0	0.0972	2195.6	4044.0	0.0081	0.0	17.0	0.2661	4.5645	42.0968
YGR271C-A_mRNA	YGR271C-A	337	963	770.0	0.7996	97.0	148.0	0.003	12.8	33.0	0.0504	2.5697	35.6973
YGR271W_mRNA	YGR271W	127	6076	468.0	0.077	33.6	5402.0	0.0	7.0	28.0	0.126	2.1811	53.7402
YGR273C_mRNA	YGR273C	2	525	525.0	1.0	0.0	0.0	1.0	0.0	0.0	1.0	4.5	233.5
YGR274C_mRNA	YGR274C	73	3928	419.0	0.1067	1228.6	3454.0	0.0	0.0	6.0	0.6849	2.4384	64.4521
YGR275W_mRNA	YGR275W	116	598	559.0	0.9348	3.0	29.5	0.0948	0.0	3.0	0.8017	3.1379	39.8534
YGR276C_mRNA	YGR276C	130	1776	774.5	0.4361	25.0	920.0	0.0077	0.0	4.0	0.6308	1.3077	44.9923
YGR277C_mRNA	YGR277C	52	1111	834.5	0.7511	8.2	35.0	0.0769	57.3	109.0	0.0	16.7308	34.1346
YGR278W_mRNA	YGR278W	27	1905	648.0	0.3402	0.6	743.0	0.1111	40.0	63.0	0.0	2.5556	30.2963
YGR279C_mRNA	YGR279C	875	1730	512.0	0.296	24.0	990.0	0.0103	142.0	221.0	0.0011	2.7737	55.3143
YGR280C_mRNA	YGR280C	76	1155	270.0	0.2338	438.25	797.0	0.0132	0.0	79.0	0.1316	3.5526	46.8421
YGR281W_mRNA	YGR281W	263	5460	506.0	0.0927	1534.0	4861.0	0.0	1.0	17.0	0.384	2.0722	52.0342
YGR282C_mRNA	YGR282C	2569	1541	609.0	0.3952	35.0	610.0	0.0039	261.0	338.0	0.0012	3.1647	53.856
YGR283C_mRNA	YGR283C	117	1216	459.0	0.3775	20.0	718.0	0.0	37.0	39.0	0.0	5.6154	47.9915
YGR284C_mRNA	YGR284C	692	1217	892.0	0.7329	19.0	258.5	0.0289	0.0	47.0	0.0824	3.3439	51.9032
YGR285C_mRNA	YGR285C	598	1507	489.5	0.3248	31.0	909.0	0.0067	74.0	109.0	0.0	1.6522	42.908
YGR286C_mRNA	YGR286C	232	1561	701.5	0.4494	177.55	783.0	0.0	0.0	26.0	0.2543	2.6552	39.6595
YGR287C_mRNA	YGR287C	26	2125	358.0	0.1685	78.75	1741.5	0.0	0.0	39.0	0.3077	1.6923	65.5769
YGR288W_mRNA	YGR288W	49	2099	423.0	0.2015	57.4	1419.0	0.0	68.0	99.0	0.0204	2.0816	59.102
YGR289C_mRNA	YGR289C	33	2330	434.0	0.1863	79.2	1602.0	0.0303	0.0	12.0	0.4545	6.6667	36.7273
YGR292W_mRNA	YGR292W	15	1894	381.0	0.2012	900.4	1513.0	0.0	0.0	0.0	0.8667	1.5333	69.5333
YGR295C_mRNA	YGR295C	247	1223	413.0	0.3377	6.3	735.0	0.166	0.0	1.0	0.7206	1.6397	50.085
YGR296W_mRNA	YGR296W	50	6342	338.0	0.0533	432.0	5617.5	0.0	264.5	282.0	0.0	4.78	38.02
YHL015W_mRNA	YHL015W	22113	709	660.0	0.9309	17.0	35.0	0.0066	4.0	6.0	0.7456	2.3372	47.6296
YHL016C_mRNA	YHL016C	55	2633	301.0	0.1143	0.0	0.0	0.6	0.7	2329.0	0.1455	204.8182	43.0909
YHL017W_mRNA	YHL017W	67	2279	591.0	0.2593	558.6	1596.0	0.0149	0.0	69.0	0.3134	3.791	71.7463
YHL019C_mRNA	YHL019C	34	1946	502.0	0.258	435.75	1421.5	0.0	0.0	0.0	0.8235	1.2941	50.4412
YHL020C_mRNA	YHL020C	53	1429	417.0	0.2918	20.6	978.0	0.0	0.6	20.0	0.1132	2.2075	48.0566
YHL021C_mRNA	YHL021C	302	1606	737.0	0.4589	29.0	812.0	0.0033	2.05	45.0	0.1225	4.3179	50.6755
YHL022C_mRNA	YHL022C	29	1197	433.0	0.3617	1.2	744.0	0.1034	0.0	0.0	0.8966	11.6207	136.2414
YHL023C_mRNA	YHL023C	47	3581	369.0	0.103	2444.4	3182.0	0.0	2.0	51.0	0.3191	1.3617	44.5745
YHL024W_mRNA	YHL024W	7	2389	221.0	0.0925	15.3	1525.0	0.0	2.3	9.0	0.5714	3.7143	185.7143
YHL025W_mRNA	YHL025W	110	1305	455.0	0.3487	158.0	848.0	0.0	1.0	3.0	0.7182	1.8909	42.3
YHL026C_mRNA	YHL026C	9	1586	384.0	0.2421	197.8	1100.0	0.0	0.4	8.0	0.5556	1.6667	33.1111
YHL027W_mRNA	YHL027W	161	2232	413.0	0.185	236.0	1791.0	0.0	0.0	3.0	0.7267	2.3043	46.323
YHL028W_mRNA	YHL028W	12	1983	452.5	0.2282	14.85	948.0	0.0833	0.55	4.0	0.5833	29.9167	37.3333
YHL029C_mRNA	YHL029C	121	2164	627.0	0.2897	12.0	1526.0	0.0331	0.0	5.0	0.562	2.0909	57.0579
YHL030W_mRNA	YHL030W	181	5781	637.0	0.1102	777.0	5003.0	0.0055	2.0	44.0	0.0663	7.326	41.3481
YHL031C_mRNA	YHL031C	131	1033	435.0	0.4211	282.5	594.0	0.0	0.0	0.0	0.8779	4.2824	42.8855
YHL032C_mRNA	YHL032C	51	2303	382.0	0.1659	258.0	1907.0	0.0	0.0	10.0	0.5294	3.8039	56.902
YHL033C_mRNA	YHL033C	2096	1557	555.0	0.3565	30.0	444.0	0.0029	228.0	660.0	0.0086	2.7634	41.718
YHL034C_mRNA	YHL034C	522	1234	526.0	0.4263	237.4	653.0	0.0	0.0	0.0	0.8621	1.7375	34.9751
YHL035C_mRNA	YHL035C	48	4779	304.0	0.0636	0.0	3752.5	0.1042	0.0	8.0	0.5625	12.3125	122.8958
YHL036W_mRNA	YHL036W	40	1800	382.0	0.2122	72.9	1072.0	0.0	0.0	1.5	0.675	2.325	56.125
YHL037C_mRNA	YHL037C	1	739	247.0	0.3342	492.0	492.0	0.0	0.0	0.0	1.0	0.0	117.0
YHL038C_mRNA	YHL038C	83	2073	442.0	0.2132	258.7	1559.0	0.0241	1.0	15.0	0.2892	1.8554	43.0361
YHL039W_mRNA	YHL039W	233	1895	482.0	0.2544	31.0	1396.0	0.0	0.0	11.0	0.4893	1.824	35.9957
YHL040C_mRNA	YHL040C	34	2350	377.0	0.1604	0.0	1831.0	0.1176	0.0	11.0	0.4706	12.0	47.1471
YHL042W_mRNA	YHL042W	27	966	345.0	0.3571	113.2	459.0	0.0	0.0	2.0	0.6667	1.1111	163.1111
YHL043W_mRNA	YHL043W	3	962	483.0	0.5021	45.3	111.0	0.0	44.1	441.0	0.3333	0.3333	188.6667
YHL044W_mRNA	YHL044W	22	1037	683.0	0.6586	16.5	311.0	0.0	2.15	42.0	0.1818	1.4091	44.3182
YHL045W_mRNA	YHL045W	1	348	342.0	0.9828	0.0	0.0	1.0	6.0	6.0	1.0	193.0	281.0
YHL047C_mRNA	YHL047C	29	2398	495.0	0.2064	0.0	1863.0	0.1034	0.0	0.0	0.7931	27.069	112.6897
YHL048C-A_mRNA	YHL048C-A	2	135	132.0	0.9778	0.3	3.0	1.0	0.0	0.0	1.0	68.5	246.5
YHL048W_mRNA	YHL048W	161	1261	609.0	0.483	9.0	539.0	0.0621	0.0	22.0	0.3789	8.8075	86.8137
YHL049C_mRNA	YHL049C	1	816	660.0	0.8088	130.0	130.0	0.0	26.0	26.0	0.0	0.0	80.0
YHL050C_mRNA	YHL050C	47	2538	554.0	0.2183	1165.9	1600.0	0.0	365.0	379.0	0.0	2.7234	36.6809
YHL001W_mRNA	YHL001W	2015	758	520.0	0.686	24.0	52.0	0.0278	156.0	168.0	0.0005	3.3404	44.7702
YHL002C-A_mRNA	YHL002C-A	1	747	503.0	0.6734	72.0	72.0	0.0	172.0	172.0	0.0	8.0	77.0
YHL002W_mRNA	YHL002W	82	1499	660.5	0.4406	30.4	728.0	0.0	3.0	38.0	0.0732	2.1341	53.7561
YHL003C_mRNA	YHL003C	427	1670	680.0	0.4072	39.3	956.0	0.0023	0.0	9.0	0.5785	3.3115	50.5621
YHL004W_mRNA	YHL004W	64	1443	580.0	0.4019	10.0	793.0	0.0938	50.55	73.5	0.0156	2.8594	45.0156
YHL005C_mRNA	YHL005C	5	1173	387.0	0.3299	75.2	374.0	0.2	3.8	26.0	0.2	35.8	60.0
YHL006C_mRNA	YHL006C	28	919	414.5	0.451	38.4	447.5	0.0	2.0	87.0	0.1071	2.8214	46.3571
YHL006W-A_mRNA	YHL006W-A	1	893	460.0	0.5151	273.0	273.0	0.0	160.0	160.0	0.0	12.0	155.0
YHL007C_mRNA	YHL007C	83	3420	445.0	0.1301	996.5	2905.0	0.0	0.0	12.0	0.4699	1.6988	73.759
YHL008C_mRNA	YHL008C	21	2407	251.0	0.1043	1867.0	2156.0	0.0	0.0	1.0	0.9048	1.2857	61.1905
YHL009C_mRNA	YHL009C	42	1469	615.0	0.4187	12.2	703.0	0.0238	55.75	132.5	0.0238	3.2619	49.6667
YHL009W-B_mRNA	YHL009W-B	14	5409	972.0	0.1797	2071.3	3968.0	0.0	0.0	0.0	0.5714	2.5	291.0
YHL010C_mRNA	YHL010C	17	1941	400.0	0.2061	611.4	1440.0	0.0	0.0	5.0	0.7647	3.7059	98.8824
YHL011C_mRNA	YHL011C	719	1361	590.0	0.4335	46.0	655.0	0.0056	48.0	137.0	0.0042	3.3672	46.8776
YHL012W_mRNA	YHL012W	4	1482	602.5	0.4065	801.05	879.5	0.0	0.0	0.0	1.0	0.0	241.75
YHL013C_mRNA	YHL013C	129	1094	515.0	0.4707	48.4	550.0	0.0	10.4	33.0	0.0543	2.2403	42.9302
YHL014C_mRNA	YHL014C	61	1311	619.0	0.4722	39.0	655.0	0.0	0.0	6.0	0.5738	2.7377	52.3115
YHR001W-A_mRNA	YHR001W-A	556	700	468.0	0.6686	7.75	29.0	0.0558	139.0	196.0	0.0018	7.0791	47.8615
YHR001W_mRNA	YHR001W	136	1648	469.5	0.2849	79.75	1021.0	0.0074	0.0	154.0	0.1544	2.9338	47.0515
YHR002W_mRNA	YHR002W	26	1361	456.0	0.335	12.75	831.5	0.0385	1.0	10.0	0.5385	2.5769	38.8846
YHR003C_mRNA	YHR003C	223	2350	488.0	0.2077	3.0	898.0	0.0762	894.0	955.0	0.0	2.4888	33.8206
YHR004C_mRNA	YHR004C	114	1724	598.5	0.3472	37.3	1104.0	0.0175	0.0	2.5	0.7719	2.9737	45.3509
YHR005C-A_mRNA	YHR005C-A	2439	892	431.0	0.4832	8.9	27.0	0.0513	388.9	431.0	0.0012	3.1919	46.8758
YHR005C_mRNA	YHR005C	175	1647	578.0	0.3509	315.9	1017.0	0.0	3.7	8.0	0.6343	1.4057	49.6057
YHR006W_mRNA	YHR006W	201	1811	454.0	0.2507	437.0	1322.0	0.0	0.0	7.0	0.5771	2.5622	49.3035
YHR007C-A_mRNA	YHR007C-A	158	1793	665.0	0.3709	32.85	284.5	0.0253	687.35	845.0	0.0127	3.4747	39.8418
YHR007C_mRNA	YHR007C	1748	2103	488.0	0.232	95.0	1558.5	0.0011	0.0	12.0	0.4857	3.151	40.6184
YHR008C_mRNA	YHR008C	127	1022	802.0	0.7847	46.9	180.0	0.0	9.3	41.0	0.0709	3.8504	41.3858
YHR009C_mRNA	YHR009C	156	1967	459.5	0.2336	18.25	1469.5	0.0449	8.75	21.0	0.1026	4.0192	44.3077
YHR010W_mRNA	YHR010W	18237	874	535.0	0.6121	59.0	82.0	0.0024	233.0	260.0	0.0	2.8589	39.9565
YHR011W_mRNA	YHR011W	25	1575	335.0	0.2127	0.2	1089.0	0.12	5.2	143.0	0.12	7.72	36.52
YHR012W_mRNA	YHR012W	185	1228	650.0	0.5293	11.0	448.0	0.0432	25.0	64.0	0.0162	7.3351	40.0811
YHR013C_mRNA	YHR013C	228	1177	491.0	0.4172	23.0	371.5	0.0263	264.35	327.0	0.0	2.3333	40.3377
YHR014W_mRNA	YHR014W	2	876	186.0	0.2123	677.4	690.0	0.0	0.0	0.0	1.0	0.0	91.0
YHR015W_mRNA	YHR015W	50	2311	227.0	0.0982	0.0	67.0	0.28	2.45	2082.0	0.24	10.3	53.94
YHR016C_mRNA	YHR016C	81	1654	502.0	0.3035	123.0	1114.0	0.0247	0.0	60.0	0.2716	5.9012	46.0123
YHR017W_mRNA	YHR017W	64	1293	559.5	0.4327	7.05	671.5	0.0625	15.3	29.0	0.0312	15.125	48.75
YHR018C_mRNA	YHR018C	1325	2009	473.0	0.2354	6.0	1114.0	0.0642	393.0	414.0	0.0091	2.1291	43.837
YHR019C_mRNA	YHR019C	944	1885	551.0	0.2923	35.0	1256.5	0.0032	36.15	63.0	0.0095	2.8877	45.8867
YHR020W_mRNA	YHR020W	1017	2313	575.0	0.2486	74.0	1701.0	0.001	18.0	25.0	0.0403	2.4818	45.6863
YHR021C_mRNA	YHR021C	14765	620	352.0	0.5677	218.0	254.0	0.0	1.0	12.0	0.3934	3.1128	49.3421
YHR022C-A_mRNA	YHR022C-A	13	896	705.0	0.7868	68.4	100.0	0.0	4.6	65.0	0.1538	0.7692	57.6923
YHR022C_mRNA	YHR022C	19	2051	547.0	0.2667	1.0	776.0	0.1053	0.0	877.0	0.2632	2.6842	35.1053
YHR023W_mRNA	YHR023W	111	5918	509.0	0.086	2837.5	5368.0	0.0	1.0	33.0	0.3604	1.3964	44.6667
YHR024C_mRNA	YHR024C	120	1826	405.5	0.2221	74.85	1377.5	0.0	0.0	46.0	0.2	1.8417	39.4
YHR025W_mRNA	YHR025W	607	1321	658.0	0.4981	19.0	538.0	0.0132	102.0	122.0	0.0	3.3015	47.1614
YHR026W_mRNA	YHR026W	460	1018	702.0	0.6896	20.95	247.0	0.0043	12.9	22.0	0.0457	2.5261	45.1717
YHR027C_mRNA	YHR027C	480	3186	598.5	0.1879	1981.25	2533.5	0.0021	0.0	19.0	0.2167	3.3104	44.0333
YHR028C_mRNA	YHR028C	302	2691	566.5	0.2105	352.05	2094.0	0.0	1.0	4.0	0.6854	2.7318	41.755
YHR028W-A_mRNA	YHR028W-A	4	530	420.5	0.7934	27.15	64.0	0.0	17.05	36.0	0.0	0.75	24.75
YHR029C_mRNA	YHR029C	368	1019	722.5	0.709	31.0	233.0	0.0136	0.0	8.0	0.6929	2.0543	44.7989
YHR030C_mRNA	YHR030C	357	1915	709.0	0.3702	110.8	980.0	0.0084	109.0	155.0	0.0056	1.8375	40.1204
YHR031C_mRNA	YHR031C	41	2441	339.0	0.1389	439.0	2002.0	0.0	16.0	77.0	0.0488	1.7561	46.9756
YHR032W-A_mRNA	YHR032W-A	69	2033	477.0	0.2346	570.2	1550.0	0.0	0.0	8.0	0.7536	3.2609	57.1014
YHR032W_mRNA	YHR032W	47	2259	751.0	0.3324	131.9	1507.0	0.0213	0.0	2.0	0.8936	1.7234	51.4468
YHR033W_mRNA	YHR033W	23	1741	226.0	0.1298	25.8	129.0	0.0435	0.0	1455.0	0.1739	12.0	60.8696
YHR034C_mRNA	YHR034C	26	1173	405.0	0.3453	22.5	696.5	0.0	0.0	78.0	0.1538	2.7308	48.3846
YHR035W_mRNA	YHR035W	21	2135	826.0	0.3869	0.0	197.0	0.1429	0.0	121.0	0.381	15.5714	64.6667
YHR036W_mRNA	YHR036W	37	2496	347.0	0.139	19.6	964.0	0.027	101.0	760.0	0.0	0.9459	35.5405
YHR037W_mRNA	YHR037W	206	2769	434.5	0.1569	722.25	2307.0	0.0	1.0	10.0	0.6165	1.6068	43.233
YHR038W_mRNA	YHR038W	69	848	405.0	0.4776	26.8	411.0	0.0	0.0	9.0	0.8116	2.087	44.0435
YHR039C-A_mRNA	YHR039C-A	1347	523	414.0	0.7916	51.0	75.0	0.0	0.0	29.0	0.2331	2.9725	41.3341
YHR039C_mRNA	YHR039C	530	2194	533.0	0.2429	149.35	1626.5	0.0019	0.0	38.0	0.1792	4.683	50.9075
YHR040W_mRNA	YHR040W	14	1244	454.5	0.3654	75.7	617.0	0.0	0.0	17.0	0.3571	1.2857	45.2143
YHR041C_mRNA	YHR041C	52	929	550.5	0.5926	11.0	192.5	0.0192	111.9	186.0	0.0	10.25	41.1731
YHR042W_mRNA	YHR042W	561	2376	440.0	0.1852	206.0	1860.0	0.0	0.0	97.0	0.1996	3.0856	44.2549
YHR043C_mRNA	YHR043C	108	1001	754.0	0.7532	35.0	188.0	0.0278	27.35	48.5	0.0185	2.3241	44.2037
YHR044C_mRNA	YHR044C	47	1391	494.0	0.3551	19.2	717.0	0.0213	0.0	139.0	0.1064	1.5319	55.2766
YHR045W_mRNA	YHR045W	112	1947	728.5	0.3742	1.0	1147.0	0.0893	40.0	79.0	0.0089	3.0982	52.1875
YHR046C_mRNA	YHR046C	93	1248	595.0	0.4768	58.8	296.0	0.0108	23.2	82.0	0.043	2.5269	55.8602
YHR047C_mRNA	YHR047C	334	2890	506.5	0.1753	182.9	2275.0	0.006	68.8	103.0	0.0389	1.9461	40.5569
YHR048W_mRNA	YHR048W	31	1960	417.0	0.2128	0.0	620.0	0.2903	0.0	839.0	0.129	103.2581	43.7742
YHR049W_mRNA	YHR049W	707	1068	704.0	0.6592	24.0	156.0	0.0113	145.0	151.0	0.0028	2.1301	41.3154
YHR050W-A_mRNA	YHR050W-A	505	1717	655.0	0.3815	659.0	745.0	0.002	1.0	321.0	0.2317	3.1129	42.8772
YHR050W_mRNA	YHR050W	94	2062	787.5	0.3819	22.0	1067.5	0.0213	158.0	171.0	0.0	2.7234	44.2234
YHR051W_mRNA	YHR051W	565	1106	659.0	0.5958	45.0	134.0	0.0	0.0	195.0	0.2991	2.6637	42.9858
YHR052W-A_mRNA	YHR052W-A	32	749	513.5	0.6856	34.55	176.0	0.0312	1.0	9.0	0.625	1.4375	86.25
YHR052W_mRNA	YHR052W	644	1323	674.5	0.5098	20.0	630.5	0.0171	4.0	9.0	0.778	2.0559	40.3804
YHR054C_mRNA	YHR054C	301	1285	605.0	0.4708	110.0	643.0	0.0365	0.0	8.0	0.5282	17.2857	44.6113
YHR054W-A_mRNA	YHR054W-A	81	1293	412.0	0.3186	50.0	767.0	0.0	0.0	6.0	0.5926	3.2222	63.7284
YHR055C_mRNA	YHR055C	2	186	96.0	0.5161	10.4	41.0	0.5	44.5	49.0	0.0	3.5	59.0
YHR056C_mRNA	YHR056C	312	2839	606.0	0.2135	1382.95	2133.5	0.016	0.0	10.0	0.5192	2.4776	46.8846
YHR056W-A_mRNA	YHR056W-A	19	1044	146.0	0.1398	685.3	893.0	0.0	0.0	9.0	0.5263	1.9474	43.4737
YHR057C_mRNA	YHR057C	111	1564	530.0	0.3389	427.5	949.0	0.018	0.0	2.0	0.7658	3.3063	57.7477
YHR058C_mRNA	YHR058C	21	1006	680.0	0.6759	28.0	52.0	0.0	2.0	15.0	0.1429	1.7143	52.7619
YHR059W_mRNA	YHR059W	85	802	497.0	0.6197	241.0	302.0	0.0	0.0	2.0	0.9294	3.4235	48.6118
YHR060W_mRNA	YHR060W	221	768	526.0	0.6849	124.0	202.0	0.009	22.0	43.0	0.0362	3.4434	39.3937
YHR061C_mRNA	YHR061C	29	1426	501.0	0.3513	1.0	692.0	0.1034	4.4	12.0	0.3448	13.7241	46.5517
YHR062C_mRNA	YHR062C	87	1129	570.0	0.5049	112.0	519.0	0.0	0.0	15.0	0.4483	1.5517	41.4713
YHR063C_mRNA	YHR063C	570	1348	814.0	0.6039	51.0	467.0	0.0035	15.0	44.0	0.0298	4.1649	45.607
YHR064C_mRNA	YHR064C	1500	1851	578.0	0.3123	25.0	1186.0	0.0	13.95	80.0	0.0447	2.4053	45.236
YHR065C_mRNA	YHR065C	71	1699	532.0	0.3131	39.0	1154.0	0.0	9.0	16.0	0.0986	1.507	34.4789
YHR066W_mRNA	YHR066W	29	1588	613.0	0.386	30.0	833.0	0.0	9.2	56.0	0.069	6.4483	42.0345
YHR067W_mRNA	YHR067W	69	2425	477.0	0.1967	562.8	1307.0	0.0	1.0	14.0	0.3623	1.8116	45.2899
YHR068W_mRNA	YHR068W	540	1545	808.0	0.523	26.0	560.5	0.0241	46.0	162.5	0.0167	2.2	41.5463
YHR069C_mRNA	YHR069C	193	1340	577.0	0.4306	3.0	633.0	0.0777	13.8	95.0	0.0207	1.9637	48.8964
YHR070W_mRNA	YHR070W	59	2108	580.0	0.2751	56.9	1350.0	0.0	75.0	198.0	0.0	5.7288	38.1864
YHR071C-A_mRNA	YHR071C-A	17	903	327.0	0.3621	0.0	9.0	0.5294	0.0	542.0	0.1176	21.4118	69.8235
YHR071W_mRNA	YHR071W	444	1529	515.0	0.3368	395.3	641.5	0.0	0.0	5.0	0.6824	2.2545	45.8288
YHR072W-A_mRNA	YHR072W-A	3458	534	361.0	0.676	0.0	11.0	0.4997	155.0	157.0	0.0	6.4349	36.895
YHR072W_mRNA	YHR072W	302	2382	385.5	0.1618	50.15	1966.0	0.0132	0.0	14.0	0.3477	3.9603	44.4371
YHR073C-B_mRNA	YHR073C-B	1	527	499.0	0.9469	0.0	0.0	1.0	28.0	28.0	0.0	30.0	14.0
YHR073W_mRNA	YHR073W	107	3211	572.0	0.1781	665.8	2548.0	0.0093	0.0	8.0	0.5701	3.2243	51.1776
YHR074W_mRNA	YHR074W	278	2531	534.5	0.2112	212.0	1975.5	0.0	0.0	39.0	0.3633	2.9173	45.8417
YHR075C_mRNA	YHR075C	38	1332	339.5	0.2549	31.35	922.0	0.0	0.0	9.5	0.5263	0.8947	43.5526
YHR076W_mRNA	YHR076W	175	1739	494.0	0.2841	546.0	1239.0	0.0	0.0	4.0	0.8571	8.9029	45.2571
YHR077C_mRNA	YHR077C	122	3583	441.5	0.1232	1078.8	3087.5	0.0	3.35	39.0	0.0656	2.1721	48.041
YHR078W_mRNA	YHR078W	93	2040	503.0	0.2466	192.0	1265.0	0.0	0.0	26.0	0.3226	2.1075	50.8387
YHR079C_mRNA	YHR079C	66	3848	501.0	0.1302	1431.75	3291.0	0.0	0.0	6.0	0.697	1.697	56.7424
YHR080C_mRNA	YHR080C	66	4288	387.5	0.0904	1459.0	3820.0	0.0	0.0	8.0	0.6364	3.5152	71.2879
YHR081W_mRNA	YHR081W	163	968	667.0	0.689	247.4	286.0	0.0061	0.0	1.0	0.8773	6.3988	63.5215
YHR082C_mRNA	YHR082C	356	4204	429.5	0.1022	686.75	3675.5	0.0	0.0	24.5	0.4045	1.7556	52.1573
YHR083W_mRNA	YHR083W	111	1251	506.0	0.4045	21.0	596.0	0.027	51.0	163.0	0.027	8.8108	39.7477
YHR084W_mRNA	YHR084W	83	2711	495.0	0.1826	26.9	2130.0	0.0241	1.1	29.0	0.1205	3.0241	39.3253
YHR085W_mRNA	YHR085W	78	1202	497.5	0.4139	21.7	572.0	0.0	23.85	103.0	0.0256	1.4744	40.4872
YHR086W_mRNA	YHR086W	67	2247	596.0	0.2652	40.3	1346.0	0.0	1.3	233.0	0.1493	2.6269	56.6269
YHR087W_mRNA	YHR087W	411	871	475.0	0.5454	279.5	357.0	0.0	1.0	5.0	0.9319	2.2725	42.0341
YHR088W_mRNA	YHR088W	183	1120	561.0	0.5009	49.4	446.0	0.0109	9.1	106.0	0.0656	1.5246	35.3934
YHR089C_mRNA	YHR089C	518	1016	407.5	0.4011	33.0	462.0	0.0174	112.0	133.0	0.0	2.9826	40.2645
YHR090C_mRNA	YHR090C	55	1296	439.0	0.3387	192.1	851.0	0.0	0.0	2.0	0.9455	3.6182	48.9818
YHR091C_mRNA	YHR091C	40	2111	473.5	0.2243	25.35	1445.0	0.0	35.85	43.0	0.0	2.175	47.975
YHR092C_mRNA	YHR092C	1111	1971	582.0	0.2953	45.0	1254.0	0.0072	0.5	18.0	0.4068	4.8416	48.7012
YHR094C_mRNA	YHR094C	187	2442	381.0	0.156	602.2	2029.0	0.0	0.0	5.0	0.8182	2.123	55.7701
YHR096C_mRNA	YHR096C	16	2229	249.0	0.1117	121.0	1944.5	0.0625	0.0	0.5	0.8125	3.3125	100.375
YHR097C_mRNA	YHR097C	146	1386	765.5	0.5523	123.25	578.0	0.0	0.0	22.0	0.4521	2.4521	44.5616
YHR098C_mRNA	YHR098C	312	3028	417.5	0.1379	768.4	2576.5	0.0	9.0	15.0	0.0994	2.1314	51.6891
YHR099W_mRNA	YHR099W	139	11467	489.0	0.0426	990.5	10771.0	0.0216	15.6	34.0	0.0216	1.7914	39.8058
YHR100C_mRNA	YHR100C	87	1660	491.0	0.2958	491.8	814.0	0.0	64.4	239.0	0.0345	2.3103	40.8736
YHR101C_mRNA	YHR101C	35	1847	462.0	0.2501	19.7	1153.0	0.0286	1.0	493.0	0.4	5.5143	49.2
YHR102W_mRNA	YHR102W	66	3512	338.0	0.0962	640.75	3169.0	0.0	2.0	8.5	0.5606	4.3333	46.1212
YHR103W_mRNA	YHR103W	213	2995	585.0	0.1953	661.6	2347.0	0.0047	1.2	33.0	0.1221	2.7183	53.1831
YHR104W_mRNA	YHR104W	259	1319	773.0	0.5861	68.0	459.0	0.0039	0.0	51.0	0.251	3.1004	46.3514
YHR105W_mRNA	YHR105W	1	977	269.0	0.2753	667.0	667.0	0.0	41.0	41.0	0.0	0.0	29.0
YHR106W_mRNA	YHR106W	91	2066	501.0	0.2425	367.0	1565.0	0.022	0.0	1.0	0.7582	1.8791	66.6154
YHR107C_mRNA	YHR107C	290	1508	429.0	0.2845	74.0	1056.5	0.0	0.0	2.0	0.7172	1.8552	41.9724
YHR108W_mRNA	YHR108W	281	2037	667.0	0.3274	51.0	1207.0	0.0	29.0	90.0	0.0249	2.4555	50.3416
YHR109W_mRNA	YHR109W	18	1866	424.5	0.2275	340.7	1240.5	0.0	0.0	2.0	0.6667	3.3333	50.3333
YHR110W_mRNA	YHR110W	163	953	529.0	0.5551	122.0	339.0	0.0123	10.0	65.0	0.0675	7.6994	42.7669
YHR111W_mRNA	YHR111W	76	3052	542.0	0.1776	48.75	875.5	0.0132	1606.75	1625.0	0.0	7.3553	51.9342
YHR112C_mRNA	YHR112C	52	1933	524.5	0.2713	7.05	1149.5	0.0577	14.3	132.5	0.0385	5.8269	47.1154
YHR113W_mRNA	YHR113W	187	1844	643.0	0.3487	224.3	1164.0	0.0	0.0	14.0	0.2353	1.2888	45.3957
YHR114W_mRNA	YHR114W	46	2172	395.0	0.1819	90.5	1756.0	0.0	1.0	14.0	0.3913	1.8913	51.8478
YHR115C_mRNA	YHR115C	121	1541	468.0	0.3037	50.0	1054.0	0.0248	0.0	6.0	0.6281	1.8182	49.7107
YHR116W_mRNA	YHR116W	8	1599	423.0	0.2645	288.55	1107.0	0.0	2.35	13.0	0.5	3.5	33.0
YHR117W_mRNA	YHR117W	158	2758	478.5	0.1735	607.0	2131.0	0.0	2.0	128.0	0.1835	1.8481	47.8987
YHR118C_mRNA	YHR118C	50	1485	673.5	0.4535	95.15	773.5	0.02	0.0	17.0	0.32	2.62	50.98
YHR119W_mRNA	YHR119W	81	3610	447.0	0.1238	1249.0	3125.0	0.0	1.0	12.0	0.3951	1.358	44.5802
YHR120W_mRNA	YHR120W	74	3113	522.0	0.1677	203.5	2456.5	0.0	1.0	15.0	0.4324	2.4865	48.3649
YHR121W_mRNA	YHR121W	486	860	693.5	0.8064	11.0	36.0	0.0123	89.0	127.0	0.0062	2.0885	41.4239
YHR122W_mRNA	YHR122W	187	1264	558.0	0.4415	9.0	328.0	0.0642	242.3	371.0	0.0	3.2299	43.9305
YHR123W_mRNA	YHR123W	112	1411	477.5	0.3384	80.65	931.0	0.0	0.0	11.0	0.4196	6.4196	43.9286
YHR124W_mRNA	YHR124W	72	1916	327.0	0.1707	1198.3	1578.5	0.0	0.0	3.0	0.8056	1.4028	32.7917
YHR126C_mRNA	YHR126C	1	480	480.0	1.0	0.0	0.0	1.0	0.0	0.0	1.0	147.0	177.0
YHR127W_mRNA	YHR127W	104	1218	652.0	0.5353	7.15	322.5	0.0769	223.0	239.0	0.0	4.1827	47.2212
YHR128W_mRNA	YHR128W	1035	1025	734.0	0.7161	7.0	141.0	0.0754	81.0	104.0	0.0	2.1855	45.744
YHR129C_mRNA	YHR129C	34	1558	412.5	0.2648	212.8	1055.0	0.0	0.0	8.0	0.5882	1.7059	55.3824
YHR130C_mRNA	YHR130C	24	1607	307.5	0.1914	512.0	1200.0	0.0	0.0	44.0	0.3333	1.8333	66.375
YHR131C_mRNA	YHR131C	14	2929	374.5	0.1279	21.45	2506.0	0.0714	4.55	50.5	0.1429	9.5	64.6429
YHR131W-A_mRNA	YHR131W-A	17	1033	325.0	0.3146	641.8	695.0	0.0	6.4	18.0	0.3529	1.0	31.5294
YHR132C_mRNA	YHR132C	165	1537	731.0	0.4756	49.6	742.0	0.0061	17.0	64.0	0.0061	1.7939	45.9212
YHR132W-A_mRNA	YHR132W-A	413	624	562.0	0.9006	25.0	49.0	0.0169	0.0	6.0	0.6077	1.7482	54.845
YHR133C_mRNA	YHR133C	279	1330	577.0	0.4338	219.0	717.0	0.0179	0.0	0.0	0.6953	8.2222	56.4767
YHR134W_mRNA	YHR134W	67	1691	414.0	0.2448	105.0	565.0	0.0149	203.1	684.0	0.0149	1.5522	22.9701
YHR135C_mRNA	YHR135C	147	1869	642.0	0.3435	23.3	1063.0	0.0	19.0	28.0	0.0136	4.5918	54.9184
YHR136C_mRNA	YHR136C	768	748	436.0	0.5829	305.0	311.0	0.0	0.0	0.0	0.8646	2.1615	41.5599
YHR137W_mRNA	YHR137W	614	1996	490.0	0.2455	295.0	1456.0	0.0	2.0	45.0	0.1124	2.4414	39.4267
YHR138C_mRNA	YHR138C	735	744	438.0	0.5887	243.0	298.0	0.0054	0.0	7.0	0.8408	2.317	55.6626
YHR139C_mRNA	YHR139C	11	1307	486.0	0.3718	194.0	821.0	0.0909	0.0	15.0	0.4545	3.0909	84.7273
YHR140W_mRNA	YHR140W	22	1014	523.0	0.5158	53.15	267.0	0.0	147.0	166.5	0.0	5.3182	58.7273
YHR141C_mRNA	YHR141C	10732	2493	413.0	0.1657	2027.0	2038.0	0.0	0.0	25.0	0.2942	3.3712	38.707
YHR142W_mRNA	YHR142W	131	1812	512.0	0.2826	29.0	659.0	0.0076	611.5	635.0	0.0	3.9847	44.3969
YHR143W-A_mRNA	YHR143W-A	982	659	473.0	0.7178	35.0	70.5	0.002	77.0	103.0	0.0041	2.2454	36.7077
YHR143W_mRNA	YHR143W	350	1522	568.5	0.3735	21.0	810.5	0.0314	22.0	33.0	0.0429	6.9114	61.6
YHR144C_mRNA	YHR144C	95	1136	978.0	0.8609	0.7	50.0	0.2316	21.7	92.0	0.0421	2.7053	42.4737
YHR145C_mRNA	YHR145C	7	357	121.0	0.3389	3.0	11.0	0.4286	207.5	222.0	0.0	0.1429	54.4286
YHR146W_mRNA	YHR146W	198	1632	473.5	0.2901	18.85	1142.0	0.0	0.0	0.0	0.7475	2.197	94.7273
YHR147C_mRNA	YHR147C	195	926	731.0	0.7894	11.2	54.0	0.0513	107.8	121.0	0.0359	2.7385	49.5333
YHR148W_mRNA	YHR148W	295	1305	582.0	0.446	335.0	658.0	0.0034	42.0	63.0	0.0136	2.9119	54.5153
YHR149C_mRNA	YHR149C	96	2524	400.0	0.1585	184.5	2080.0	0.0	0.0	13.0	0.3333	1.9688	51.4062
YHR150W_mRNA	YHR150W	38	2022	559.5	0.2767	216.5	1375.0	0.0	13.0	73.0	0.0263	11.7895	31.6579
YHR151C_mRNA	YHR151C	38	2000	597.0	0.2985	201.7	1083.5	0.0	65.7	119.0	0.0263	2.6842	55.5
YHR152W_mRNA	YHR152W	117	756	508.0	0.672	36.0	167.0	0.0085	2.0	5.0	0.7521	1.6239	43.4872
YHR153C_mRNA	YHR153C	18	1152	608.0	0.5278	23.8	128.5	0.0556	288.25	400.5	0.0	6.2778	43.1667
YHR154W_mRNA	YHR154W	149	3351	549.0	0.1638	1801.6	2797.0	0.0	0.0	1.0	0.8121	2.8658	50.7651
YHR155W_mRNA	YHR155W	47	3926	628.0	0.16	1.3	1852.0	0.1489	1.0	67.0	0.4255	2.4043	41.766
YHR156C_mRNA	YHR156C	147	1579	554.0	0.3509	237.8	605.0	0.0068	0.0	485.0	0.1769	1.7143	40.9184
YHR157W_mRNA	YHR157W	66	1240	468.0	0.3774	1.0	127.5	0.3333	1.25	644.0	0.1667	17.697	46.0758
YHR158C_mRNA	YHR158C	98	4109	473.5	0.1152	2800.6	3615.0	0.0	0.0	3.5	0.6633	1.1429	43.6531
YHR159W_mRNA	YHR159W	47	2653	425.0	0.1602	116.0	1348.0	0.0	0.0	905.0	0.1489	2.0426	70.0213
YHR161C_mRNA	YHR161C	149	2305	382.0	0.1657	7.4	1791.0	0.0537	9.8	57.0	0.0537	6.443	49.0805
YHR162W_mRNA	YHR162W	3237	908	653.0	0.7192	233.0	251.0	0.0003	0.0	1.0	0.8662	2.0775	47.8894
YHR163W_mRNA	YHR163W	327	1189	770.0	0.6476	12.3	80.0	0.0459	273.0	296.0	0.0	3.5443	53.5719
YHR164C_mRNA	YHR164C	48	4827	584.0	0.121	405.15	4040.5	0.0208	0.0	39.0	0.2083	1.7083	39.8125
YHR165C_mRNA	YHR165C	213	8092	526.0	0.065	1695.0	7365.0	0.0	0.0	14.0	0.2535	1.7653	44.2113
YHR166C_mRNA	YHR166C	24	2139	497.0	0.2324	45.15	705.0	0.0	66.15	982.5	0.0	2.5417	23.6667
YHR167W_mRNA	YHR167W	76	1367	557.5	0.4078	3.0	164.5	0.0658	290.0	420.0	0.0	2.1711	38.2763
YHR168W_mRNA	YHR168W	40	1898	484.0	0.255	413.4	1383.0	0.0	3.9	22.0	0.075	2.275	28.175
YHR169W_mRNA	YHR169W	68	1935	328.5	0.1698	60.4	1452.5	0.0147	54.35	137.0	0.0	6.5294	32.0588
YHR170W_mRNA	YHR170W	347	1798	534.0	0.297	7.0	1177.0	0.0922	13.3	73.0	0.049	2.0086	39.8271
YHR171W_mRNA	YHR171W	55	2152	425.0	0.1975	139.4	1696.0	0.0	0.7	22.0	0.4182	1.4727	57.7455
YHR172W_mRNA	YHR172W	25	3019	560.0	0.1855	947.8	2459.0	0.0	0.0	29.0	0.36	1.88	47.76
YHR174W_mRNA	YHR174W	29738	1680	460.0	0.2738	38.0	1020.0	0.0004	175.0	189.0	0.0002	2.3714	42.1199
YHR175W-A_mRNA	YHR175W-A	39	986	686.0	0.6957	10.9	72.0	0.0513	127.2	214.0	0.0513	5.8205	42.8974
YHR175W_mRNA	YHR175W	31	826	704.0	0.8523	17.5	89.0	0.0645	1.0	15.0	0.3226	15.5484	50.9032
YHR176W_mRNA	YHR176W	9	1526	549.0	0.3598	123.4	977.0	0.0	0.4	14.0	0.4444	4.3333	50.3333
YHR177W_mRNA	YHR177W	30	2210	440.5	0.1993	413.6	1750.0	0.0333	0.0	0.0	0.8667	5.0	287.0
YHR178W_mRNA	YHR178W	32	2452	362.5	0.1478	210.7	2032.0	0.0	1.55	37.5	0.1562	2.25	54.3125
YHR179W_mRNA	YHR179W	1325	1724	491.0	0.2848	374.0	1215.0	0.0008	2.0	9.0	0.8257	3.0649	46.123
YHR180W_mRNA	YHR180W	31	1514	250.0	0.1651	383.0	1029.0	0.0	0.0	4.0	0.5806	1.5484	84.9032
YHR181W_mRNA	YHR181W	211	901	425.0	0.4717	8.0	423.0	0.0758	32.5	77.0	0.0047	2.9336	41.5308
YHR182W_mRNA	YHR182W	22	2444	441.0	0.1804	355.0	2000.0	0.0	4.0	15.0	0.3636	1.1364	82.6818
YHR183W_mRNA	YHR183W	1347	1724	657.0	0.3811	23.0	1005.0	0.0015	10.0	45.0	0.0601	2.4172	41.118
YHR184W_mRNA	YHR184W	43	1716	513.0	0.299	1162.4	1203.0	0.0	0.0	0.0	0.9535	1.8372	179.5581
YHR185C_mRNA	YHR185C	7	714	137.0	0.1919	256.0	573.0	0.0	0.9	3.0	0.8571	0.5714	136.2857
YHR186C_mRNA	YHR186C	58	4888	517.5	0.1059	1689.25	4272.0	0.0	0.0	8.5	0.5172	1.8621	36.569
YHR187W_mRNA	YHR187W	84	1096	511.0	0.4662	36.0	570.0	0.0	0.0	2.5	0.619	4.0357	40.3333
YHR188C_mRNA	YHR188C	170	2038	477.5	0.2343	118.7	1468.5	0.0059	42.45	97.0	0.0	2.5941	48.2647
YHR190W_mRNA	YHR190W	641	2061	742.0	0.36	526.0	1238.0	0.0031	39.0	62.0	0.0016	3.8487	44.9002
YHR191C_mRNA	YHR191C	87	773	435.0	0.5627	33.6	87.0	0.0	130.3	210.0	0.0	1.8391	35.069
YHR192W_mRNA	YHR192W	39	1248	912.0	0.7308	282.4	316.0	0.0256	0.0	5.0	0.7436	2.1538	29.9744
YHR193C-A_mRNA	YHR193C-A	3	690	308.0	0.4464	47.9	380.0	0.0	1.1	2.0	1.0	0.0	59.0
YHR193C_mRNA	YHR193C	2543	997	534.0	0.5356	28.0	89.0	0.0098	358.0	361.0	0.0	2.3791	43.6736
YHR194W_mRNA	YHR194W	28	1897	477.0	0.2514	165.15	1416.0	0.0	0.0	2.5	0.8929	4.6071	45.8214
YHR195W_mRNA	YHR195W	94	1373	590.0	0.4297	9.3	696.0	0.0745	1.95	46.5	0.0638	3.266	44.8404
YHR196W_mRNA	YHR196W	323	2374	701.0	0.2953	365.0	1498.0	0.0093	10.0	22.0	0.0712	2.2601	44.8297
YHR197W_mRNA	YHR197W	53	2451	445.0	0.1816	19.4	1961.0	0.0189	8.0	36.0	0.0755	2.6226	34.3962
YHR198C_mRNA	YHR198C	84	1119	585.0	0.5228	23.75	509.5	0.0119	11.0	14.0	0.0238	1.2024	43.2619
YHR199C-A_mRNA	YHR199C-A	3	1243	1142.0	0.9187	15.5	101.0	0.3333	0.0	0.0	0.6667	2.6667	151.3333
YHR199C_mRNA	YHR199C	89	1322	517.0	0.3911	277.0	794.0	0.0112	0.0	10.0	0.5281	3.0787	45.3483
YHR200W_mRNA	YHR200W	276	1347	597.5	0.4436	11.5	278.5	0.0507	443.0	458.0	0.0036	4.1159	50.7862
YHR201C_mRNA	YHR201C	194	1898	857.5	0.4518	616.0	913.5	0.0	0.0	0.5	0.8247	2.4588	50.2732
YHR202W_mRNA	YHR202W	19	1924	350.0	0.1819	961.7	1574.0	0.0	0.0	1.0	0.7895	2.4737	103.3684
YHR203C_mRNA	YHR203C	5028	1183	558.0	0.4717	82.0	455.0	0.0068	149.0	156.0	0.0	2.9545	44.2237
YHR204W_mRNA	YHR204W	46	2674	523.5	0.1958	981.0	2129.0	0.0	6.0	18.0	0.1739	3.3261	56.6087
YHR205W_mRNA	YHR205W	44	3163	718.0	0.227	83.35	2238.5	0.0	0.0	86.0	0.2955	3.2273	69.3409
YHR206W_mRNA	YHR206W	91	2446	633.0	0.2588	76.0	1772.0	0.022	0.0	8.0	0.6813	1.8242	52.5055
YHR207C_mRNA	YHR207C	74	1734	649.0	0.3743	8.0	1042.5	0.0811	0.0	4.5	0.6892	2.4324	37.7297
YHR208W_mRNA	YHR208W	2079	1440	834.0	0.5792	20.0	487.0	0.0082	58.0	62.0	0.001	3.3564	46.341
YHR209W_mRNA	YHR209W	289	1718	480.0	0.2794	194.2	829.0	0.0208	263.2	371.0	0.0035	3.5952	45.7232
YHR210C_mRNA	YHR210C	36	2017	604.5	0.2997	335.75	884.5	0.0278	26.0	271.0	0.0556	8.0833	49.1389
YHR211W_mRNA	YHR211W	73	4066	450.0	0.1107	0.0	3503.0	0.0959	0.0	11.0	0.4384	65.9726	72.863
YHR212C_mRNA	YHR212C	9	1908	588.0	0.3082	2.0	1256.0	0.2222	0.0	405.0	0.3333	156.7778	70.5556
YHR213W-A_mRNA	YHR213W-A	2	234	185.0	0.7906	0.1	1.0	1.0	12.9	48.0	0.5	251.0	6.5
YHR214C-B_mRNA	YHR214C-B	1618	5382	819.5	0.1523	885.7	4426.0	0.0161	0.0	0.0	0.7837	3.2787	291.0457
YHR214C-C_mRNA	YHR214C-C	5	1437	1064.0	0.7404	0.0	2.0	0.8	301.2	323.0	0.0	33.8	77.0
YHR214C-D_mRNA	YHR214C-D	3	294	277.0	0.9422	1.7	17.0	0.3333	0.0	0.0	1.0	12.0	67.0
YHR214C-E_mRNA	YHR214C-E	6	300	228.5	0.7617	0.0	8.5	0.5	8.5	50.5	0.1667	104.5	46.6667
YHR214W-A_mRNA	YHR214W-A	58	629	565.5	0.899	0.0	63.5	0.4655	0.0	6.0	0.6552	300.0862	64.1897
YHR214W_mRNA	YHR214W	1	612	612.0	1.0	0.0	0.0	1.0	0.0	0.0	1.0	54.0	1386.0
YHR215W_mRNA	YHR215W	1869	1772	417.0	0.2353	269.0	1344.0	0.0	1.0	11.0	0.3991	2.7459	48.9187
YHR216W_mRNA	YHR216W	643	1873	494.0	0.2637	2.0	1213.0	0.0622	5.0	16.0	0.367	14.3655	50.4759
YHR218W_mRNA	YHR218W	3	1812	684.0	0.3775	710.4	921.0	0.0	72.0	207.0	0.0	0.6667	52.6667
YHR219W_mRNA	YHR219W	14	2727	332.0	0.1217	1091.9	1943.5	0.0	395.65	407.0	0.0	7.8571	48.5
YJL001W_mRNA	YJL001W	451	1127	664.0	0.5892	317.5	429.0	0.0	1.0	10.0	0.6741	3.8293	60.9534
YJL002C_mRNA	YJL002C	705	1623	521.0	0.321	40.0	1083.0	0.0	0.0	6.0	0.6241	2.6823	47.0085
YJL003W_mRNA	YJL003W	116	861	551.0	0.64	80.75	216.0	0.0086	8.0	85.0	0.069	1.3362	47.8966
YJL004C_mRNA	YJL004C	204	1105	449.0	0.4063	167.0	601.0	0.0049	21.0	68.0	0.0392	3.9314	45.1618
YJL005W_mRNA	YJL005W	119	6382	512.0	0.0802	2113.8	5580.0	0.0084	0.0	28.0	0.2269	2.479	52.6975
YJL006C_mRNA	YJL006C	90	1099	812.0	0.7389	17.35	155.0	0.0444	0.0	10.0	0.5778	8.9556	56.0667
YJL008C_mRNA	YJL008C	661	1988	591.0	0.2973	20.0	1304.0	0.0242	2.0	86.0	0.0741	1.8563	44.823
YJL010C_mRNA	YJL010C	228	2175	538.5	0.2476	15.0	1559.0	0.0351	18.15	66.0	0.0439	1.8816	48.6316
YJL011C_mRNA	YJL011C	227	946	506.0	0.5349	14.3	211.0	0.0441	109.2	248.0	0.0485	2.0088	41.7093
YJL012C_mRNA	YJL012C	672	2329	641.0	0.2752	89.0	1639.0	0.0	0.0	9.0	0.5595	2.6027	45.3616
YJL013C_mRNA	YJL013C	48	1672	507.0	0.3032	27.7	1158.5	0.0	0.0	0.0	0.875	5.5	83.1042
YJL014W_mRNA	YJL014W	647	1964	667.0	0.3396	22.6	1133.0	0.0309	49.0	184.0	0.0216	2.1051	47.7156
YJL016W_mRNA	YJL016W	212	2509	538.5	0.2146	378.85	1766.5	0.0142	0.0	19.0	0.4057	4.7642	43.2689
YJL019W_mRNA	YJL019W	22	2742	561.0	0.2046	557.4	1989.0	0.0	29.3	51.5	0.0455	1.7727	25.5455
YJL020C_mRNA	YJL020C	207	4308	504.0	0.117	2457.8	3787.0	0.0	0.0	12.0	0.4686	2.7101	42.2705
YJL022W_mRNA	YJL022W	37	928	325.0	0.3502	335.4	602.0	0.0	0.0	2.0	0.7838	3.3784	94.2703
YJL023C_mRNA	YJL023C	88	1340	562.5	0.4198	153.95	679.0	0.0114	13.35	53.0	0.0455	4.0455	40.5341
YJL024C_mRNA	YJL024C	120	1008	562.5	0.558	9.85	291.0	0.0583	24.0	199.0	0.0417	2.5167	49.45
YJL025W_mRNA	YJL025W	23	1914	406.0	0.2121	28.6	1242.0	0.0	123.1	148.0	0.0	1.0435	44.2174
YJL026W_mRNA	YJL026W	752	1538	601.0	0.3908	149.0	887.0	0.0	0.0	3.0	0.5705	2.637	47.8085
YJL027C_mRNA	YJL027C	10	958	351.5	0.3669	381.7	599.5	0.0	0.0	6.0	0.8	1.6	50.1
YJL029C_mRNA	YJL029C	83	2647	354.0	0.1337	478.4	2247.0	0.0	0.0	2.0	0.8072	5.8795	38.3494
YJL030W_mRNA	YJL030W	188	989	628.5	0.6355	225.35	346.5	0.0	0.0	2.0	0.883	2.6489	51.9947
YJL031C_mRNA	YJL031C	151	1165	571.0	0.4901	29.5	581.0	0.0331	0.0	0.0	0.702	6.1921	54.8411
YJL033W_mRNA	YJL033W	98	2433	368.0	0.1513	47.15	2055.5	0.0306	0.0	1.0	0.7959	4.3469	49.3776
YJL034W_mRNA	YJL034W	3976	2489	517.0	0.2077	31.0	1764.0	0.004	173.0	188.0	0.0	2.5503	43.9072
YJL035C_mRNA	YJL035C	77	956	406.0	0.4247	15.2	427.0	0.013	50.8	63.0	0.0	2.039	46.6883
YJL036W_mRNA	YJL036W	137	1668	463.0	0.2776	63.8	1096.0	0.0	67.0	120.0	0.0	1.7007	45.2044
YJL037W_mRNA	YJL037W	18	675	166.0	0.2459	404.45	507.5	0.0	0.0	0.0	0.8889	0.6667	135.3889
YJL038C_mRNA	YJL038C	6	903	368.0	0.4075	56.25	530.5	0.1667	0.0	0.0	1.0	4.6667	93.6667
YJL039C_mRNA	YJL039C	318	5596	549.5	0.0982	2122.35	4950.0	0.0031	0.0	5.0	0.5692	2.7013	48.6321
YJL041W_mRNA	YJL041W	258	2673	513.5	0.1921	16.0	2122.0	0.0116	0.0	13.0	0.2364	6.7752	50.6434
YJL042W_mRNA	YJL042W	114	4896	474.5	0.0969	2007.6	4235.0	0.0	0.0	30.0	0.2018	2.0614	44.5877
YJL043W_mRNA	YJL043W	1	1179	519.0	0.4402	643.0	643.0	0.0	17.0	17.0	0.0	8.0	0.0
YJL044C_mRNA	YJL044C	86	1833	584.0	0.3186	12.0	1050.5	0.0233	3.5	142.0	0.0581	4.1977	56.5581
YJL045W_mRNA	YJL045W	10	2103	148.5	0.0706	0.0	24.0	0.5	0.0	1932.5	0.3	141.3	49.3
YJL046W_mRNA	YJL046W	81	1538	740.0	0.4811	51.0	639.0	0.0247	6.0	136.0	0.0864	2.4691	44.963
YJL047C-A_mRNA	YJL047C-A	38	799	211.5	0.2647	14.4	186.5	0.0263	34.55	119.0	0.0263	5.7895	44.7632
YJL047C_mRNA	YJL047C	42	2710	793.0	0.2926	44.55	1241.5	0.0476	0.0	5.0	0.619	2.0238	42.881
YJL048C_mRNA	YJL048C	327	2027	596.0	0.294	324.5	1114.0	0.0306	100.0	117.0	0.0061	2.7584	48.1254
YJL049W_mRNA	YJL049W	33	1471	628.0	0.4269	9.4	53.0	0.0606	1.0	432.0	0.1515	1.8182	29.7576
YJL050W_mRNA	YJL050W	362	3991	489.0	0.1225	1485.95	3441.5	0.0	26.0	32.0	0.011	1.7901	44.9282
YJL051W_mRNA	YJL051W	26	2758	497.5	0.1804	864.75	2105.5	0.0385	3.75	125.5	0.1538	3.1154	48.1923
YJL052W_mRNA	YJL052W	1445	1249	624.0	0.4996	50.0	430.0	0.0007	0.0	6.0	0.7433	3.4886	40.7931
YJL053W_mRNA	YJL053W	115	1435	549.0	0.3826	72.0	840.0	0.0	0.0	13.0	0.4957	2.6348	46.6957
YJL054W_mRNA	YJL054W	101	1701	483.0	0.284	92.0	1101.0	0.0	0.0	58.0	0.198	4.1485	43.5941
YJL055W_mRNA	YJL055W	183	1206	560.0	0.4643	385.0	639.0	0.0	0.0	1.0	0.8852	1.6776	48.6995
YJL056C_mRNA	YJL056C	50	3163	465.5	0.1472	1250.0	2654.5	0.0	0.0	7.0	0.56	2.1	53.54
YJL057C_mRNA	YJL057C	97	2163	586.0	0.2709	40.8	1487.0	0.0206	0.0	16.0	0.3918	2.9794	55.1959
YJL058C_mRNA	YJL058C	40	1754	512.0	0.2919	24.9	997.0	0.025	0.0	35.5	0.25	5.725	59.725
YJL059W_mRNA	YJL059W	49	1374	433.0	0.3151	35.8	793.0	0.0204	0.0	9.0	0.6122	3.5102	73.3061
YJL060W_mRNA	YJL060W	129	1521	642.0	0.4221	43.0	826.0	0.0078	15.2	30.0	0.031	2.0233	43.2326
YJL061W_mRNA	YJL061W	168	2473	558.0	0.2256	18.0	1770.5	0.0119	0.0	136.5	0.1012	1.9643	90.0655
YJL062W-A_mRNA	YJL062W-A	105	590	432.0	0.7322	16.0	36.0	0.0095	73.2	119.0	0.0095	2.6476	37.5238
YJL062W_mRNA	YJL062W	78	2636	578.5	0.2195	34.0	2054.0	0.0128	0.0	18.0	0.2949	2.6795	57.9359
YJL063C_mRNA	YJL063C	51	1150	643.0	0.5591	314.0	489.0	0.0	0.0	0.0	0.902	3.2353	44.902
YJL065C_mRNA	YJL065C	82	1390	439.5	0.3162	223.2	771.0	0.0	0.0	6.0	0.5122	1.1463	35.0244
YJL066C_mRNA	YJL066C	44	1105	425.0	0.3846	38.0	569.0	0.0	61.0	74.5	0.0	1.9318	37.0227
YJL068C_mRNA	YJL068C	159	2126	508.0	0.2389	27.5	1169.0	0.0126	125.8	143.0	0.0	1.9686	44.7673
YJL069C_mRNA	YJL069C	135	1919	526.0	0.2741	148.1	1324.0	0.0	0.0	6.0	0.7185	3.2519	46.5185
YJL070C_mRNA	YJL070C	66	2803	513.0	0.183	42.75	2201.5	0.0303	0.0	12.0	0.3182	2.4697	35.8788
YJL071W_mRNA	YJL071W	78	2009	592.0	0.2947	100.4	1380.0	0.0	0.0	14.0	0.2051	2.4359	52.9359
YJL072C_mRNA	YJL072C	214	1288	625.5	0.4856	12.0	243.0	0.0467	6.0	445.0	0.0654	1.972	48.0093
YJL073W_mRNA	YJL073W	39	2159	698.0	0.3233	49.5	1397.0	0.0256	0.0	12.0	0.359	3.1795	44.2821
YJL074C_mRNA	YJL074C	144	3830	733.5	0.1915	902.65	3012.5	0.0	0.3	21.0	0.2639	3.2847	48.5556
YJL076W_mRNA	YJL076W	168	3807	518.0	0.1361	1991.1	3164.0	0.0	0.0	72.0	0.1964	2.5655	57.2798
YJL077W-A_mRNA	YJL077W-A	19	1195	380.0	0.318	80.0	584.0	0.0	3.0	14.0	0.2632	4.3684	48.3158
YJL077W-B_mRNA	YJL077W-B	14	2276	474.0	0.2083	1214.0	1724.0	0.0	18.5	116.0	0.0	5.8571	37.3571
YJL078C_mRNA	YJL078C	73	3763	716.0	0.1903	985.6	3010.0	0.0	4.6	12.0	0.4247	3.8219	54.411
YJL079C_mRNA	YJL079C	113	1859	492.0	0.2647	80.4	1036.0	0.0088	0.0	6.0	0.6106	3.2566	54.4779
YJL080C_mRNA	YJL080C	392	4009	607.0	0.1514	1316.75	3377.0	0.0051	0.0	15.0	0.3801	2.0306	47.9362
YJL081C_mRNA	YJL081C	123	1897	558.0	0.2941	11.9	1084.0	0.0488	92.0	255.0	0.0	3.4065	35.7073
YJL082W_mRNA	YJL082W	185	2532	638.0	0.252	75.0	1688.0	0.0216	1.0	9.0	0.7189	2.6324	41.7297
YJL083W_mRNA	YJL083W	16	2772	561.0	0.2024	735.75	2047.0	0.0	76.0	83.0	0.0	2.25	67.8125
YJL084C_mRNA	YJL084C	61	3421	415.0	0.1213	953.0	3005.0	0.0	0.0	16.0	0.3115	2.0328	44.0656
YJL085W_mRNA	YJL085W	96	2024	456.0	0.2253	14.0	1542.0	0.0521	0.0	11.0	0.4792	3.2292	36.8854
YJL087C_mRNA	YJL087C	63	2815	690.0	0.2451	49.0	2063.0	0.0159	0.0	7.0	0.5238	2.2222	55.2381
YJL088W_mRNA	YJL088W	130	1921	403.5	0.21	481.65	1313.0	0.0	119.0	150.0	0.0	2.5615	46.4615
YJL089W_mRNA	YJL089W	61	2941	642.0	0.2183	778.0	1990.0	0.0164	1.0	354.0	0.3279	3.1475	49.0656
YJL090C_mRNA	YJL090C	61	2435	441.0	0.1811	26.0	1932.0	0.0328	0.0	9.0	0.5246	2.2131	51.8197
YJL091C_mRNA	YJL091C	134	1892	879.5	0.4649	12.0	533.0	0.0448	22.25	319.0	0.0299	1.3209	58.3507
YJL092W_mRNA	YJL092W	56	3891	407.0	0.1046	1555.5	3374.0	0.0	11.0	65.0	0.0357	2.3036	37.4643
YJL093C_mRNA	YJL093C	89	2193	608.0	0.2772	37.0	1274.0	0.0	0.0	10.0	0.5056	3.6742	60.4045
YJL094C_mRNA	YJL094C	142	2948	544.5	0.1847	178.1	2366.0	0.0	15.0	21.0	0.0211	1.9507	49.4225
YJL095W_mRNA	YJL095W	51	4716	509.0	0.1079	396.5	3963.0	0.0	1.0	16.0	0.098	3.4902	43.6078
YJL096W_mRNA	YJL096W	262	656	565.0	0.8613	47.0	62.0	0.0076	20.0	23.0	0.0191	3.9695	43.7443
YJL097W_mRNA	YJL097W	227	1004	709.0	0.7062	202.0	249.0	0.0044	11.0	37.0	0.0485	3.2247	39.5551
YJL098W_mRNA	YJL098W	58	3962	386.0	0.0974	113.25	1827.5	0.0	0.85	982.0	0.2586	3.3793	35.9483
YJL099W_mRNA	YJL099W	87	2660	750.0	0.282	0.3	466.0	0.092	1.0	1800.0	0.2184	4.5172	47.5747
YJL100W_mRNA	YJL100W	69	2247	196.0	0.0872	0.0	544.0	0.3188	0.8	1067.0	0.2319	30.0435	49.2319
YJL101C_mRNA	YJL101C	365	2494	484.0	0.1941	14.0	1820.0	0.0493	59.0	171.0	0.0027	2.3151	44.9178
YJL102W_mRNA	YJL102W	53	2616	475.0	0.1816	799.0	2098.0	0.0	0.0	7.0	0.7925	3.1321	41.6792
YJL103C_mRNA	YJL103C	32	2257	469.0	0.2078	51.55	1747.0	0.0	0.0	0.0	0.5938	2.1875	56.6875
YJL104W_mRNA	YJL104W	289	1028	551.0	0.536	375.0	466.0	0.0	0.0	5.0	0.7993	1.5433	48.6851
YJL105W_mRNA	YJL105W	2	1683	345.5	0.2053	368.6	860.0	0.0	48.65	477.5	0.5	0.0	33.0
YJL106W_mRNA	YJL106W	27	2925	417.0	0.1426	60.2	2223.0	0.037	20.0	64.0	0.0	3.8148	43.6296
YJL107C_mRNA	YJL107C	2	2212	1231.0	0.5565	0.3	3.0	1.0	97.8	978.0	0.5	9.5	243.5
YJL108C_mRNA	YJL108C	43	2260	589.0	0.2606	249.2	1604.0	0.0233	0.1	66.0	0.2093	5.7442	59.7907
YJL109C_mRNA	YJL109C	226	5557	507.5	0.0913	1168.25	4856.0	0.0	0.0	30.5	0.115	1.3805	42.7699
YJL110C_mRNA	YJL110C	62	1889	552.5	0.2925	21.0	1255.5	0.0161	14.1	34.0	0.0323	4.3226	35.2903
YJL111W_mRNA	YJL111W	569	1918	501.0	0.2612	36.0	1368.0	0.0	0.0	56.0	0.1248	1.9807	48.529
YJL112W_mRNA	YJL112W	76	2557	459.5	0.1797	227.5	1778.5	0.0132	0.0	24.5	0.3947	3.1974	47.4079
YJL113W_mRNA	YJL113W	28	4647	929.5	0.2	1000.65	3491.0	0.0357	0.0	0.0	0.6429	3.2857	309.0714
YJL115W_mRNA	YJL115W	18	1599	194.0	0.1213	410.55	1361.5	0.0556	0.0	26.0	0.1667	17.3333	40.3333
YJL116C_mRNA	YJL116C	60	1776	270.0	0.152	0.0	58.5	0.3	7.75	1454.0	0.0833	52.9	52.0833
YJL117W_mRNA	YJL117W	582	2111	516.5	0.2447	779.05	1384.5	0.0052	170.05	177.0	0.0	2.4605	52.8144
YJL118W_mRNA	YJL118W	12	1192	525.0	0.4404	410.05	613.0	0.0	1.0	5.5	0.5833	6.8333	68.9167
YJL119C_mRNA	YJL119C	7	1184	613.0	0.5177	119.2	470.0	0.0	16.5	388.0	0.1429	0.2857	43.5714
YJL121C_mRNA	YJL121C	246	1238	410.0	0.3312	453.0	819.0	0.0	2.0	5.0	0.9024	2.5163	50.748
YJL122W_mRNA	YJL122W	227	730	393.0	0.5384	32.3	315.0	0.0	0.0	13.0	0.3921	2.1057	35.5419
YJL123C_mRNA	YJL123C	145	2478	435.0	0.1755	880.0	1911.0	0.0	47.0	122.0	0.0069	2.9793	36.0207
YJL124C_mRNA	YJL124C	357	1379	383.0	0.2777	26.0	896.0	0.0168	0.0	6.0	0.6499	2.3333	52.451
YJL125C_mRNA	YJL125C	104	1337	464.5	0.3474	23.15	820.0	0.0	16.6	36.0	0.0385	1.4423	39.8558
YJL126W_mRNA	YJL126W	95	1903	494.0	0.2596	838.0	1403.0	0.0	0.0	6.0	0.5684	3.4	62.4316
YJL127C-B_mRNA	YJL127C-B	293	1236	468.0	0.3786	624.8	745.0	0.0034	0.0	15.0	0.4232	2.4232	47.5802
YJL127C_mRNA	YJL127C	49	2930	579.0	0.1976	1046.4	2217.0	0.0	0.0	19.0	0.3673	0.9796	65.449
YJL128C_mRNA	YJL128C	175	2458	559.0	0.2274	8.9	1784.0	0.0514	0.0	66.0	0.2686	15.28	54.8457
YJL129C_mRNA	YJL129C	211	4075	510.0	0.1252	2457.5	3497.0	0.0047	0.0	12.0	0.4076	3.9242	37.5118
YJL130C_mRNA	YJL130C	603	6838	503.0	0.0736	1451.5	6264.0	0.0182	5.0	25.0	0.1625	7.058	45.6202
YJL131C_mRNA	YJL131C	53	1490	535.0	0.3591	2.0	649.0	0.0943	256.0	296.0	0.0377	4.8491	52.0
YJL132W_mRNA	YJL132W	34	2608	563.5	0.2161	419.35	1417.5	0.0	17.0	479.5	0.0294	4.6471	50.0294
YJL133C-A_mRNA	YJL133C-A	195	470	394.0	0.8383	8.7	31.0	0.0821	32.0	43.0	0.0051	1.8	44.7077
YJL133W_mRNA	YJL133W	145	1335	433.0	0.3243	164.2	887.0	0.0	0.0	9.0	0.5793	3.3448	37.4621
YJL134W_mRNA	YJL134W	77	1595	735.0	0.4608	219.0	806.0	0.0	0.0	1.0	0.8182	1.0649	47.5195
YJL136C_mRNA	YJL136C	10412	708	411.0	0.5805	33.0	66.0	0.0118	211.0	227.0	0.0001	3.5768	43.4503
YJL137C_mRNA	YJL137C	24	1548	482.0	0.3114	15.2	637.0	0.0417	168.15	186.5	0.0	0.5	38.4167
YJL138C_mRNA	YJL138C	3031	1554	579.0	0.3726	63.0	916.0	0.0003	21.0	64.0	0.0218	2.9129	51.0947
YJL139C_mRNA	YJL139C	64	2211	625.0	0.2827	12.0	924.0	0.0469	2.15	715.5	0.0781	7.5469	46.6562
YJL140W_mRNA	YJL140W	161	934	507.0	0.5428	10.0	307.0	0.0621	52.0	118.0	0.0	1.795	41.5093
YJL141C_mRNA	YJL141C	89	2672	485.0	0.1815	587.6	2117.0	0.0337	0.0	10.0	0.5618	4.5169	67.764
YJL142C_mRNA	YJL142C	72	2562	453.5	0.177	556.6	2039.5	0.0	1.1	7.0	0.6389	3.5	49.5833
YJL143W_mRNA	YJL143W	313	921	618.0	0.671	5.0	152.0	0.1022	81.0	120.0	0.0	3.5815	48.3706
YJL144W_mRNA	YJL144W	755	627	523.0	0.8341	57.0	84.0	0.0026	0.0	1.0	0.8503	3.0185	45.8344
YJL145W_mRNA	YJL145W	205	1073	635.0	0.5918	2.0	378.0	0.0829	11.2	47.0	0.0488	2.4195	50.2683
YJL146W_mRNA	YJL146W	24	1771	583.0	0.3292	145.5	1157.5	0.0	0.15	47.0	0.4583	2.0	46.7083
YJL147C_mRNA	YJL147C	35	1454	729.0	0.5014	19.1	683.0	0.0286	12.5	73.0	0.0571	1.4	49.6571
YJL148W_mRNA	YJL148W	330	1318	400.0	0.3035	16.0	569.0	0.0364	283.0	346.0	0.003	1.7212	29.9364
YJL149W_mRNA	YJL149W	38	2093	368.0	0.1758	299.3	1680.0	0.0263	0.0	8.0	0.5263	2.6053	54.8947
YJL151C_mRNA	YJL151C	433	904	485.0	0.5365	2.0	23.0	0.1247	387.0	396.0	0.0	5.0416	49.5312
YJL153C_mRNA	YJL153C	22	1602	421.0	0.2628	7.0	1175.5	0.1818	0.0	0.0	0.9091	2.0	163.5455
YJL154C_mRNA	YJL154C	308	2991	544.5	0.182	10.9	2401.0	0.0519	0.0	19.0	0.3182	3.4448	57.4481
YJL155C_mRNA	YJL155C	170	1689	639.5	0.3786	20.9	1023.0	0.0412	0.0	8.0	0.7235	12.0588	45.6176
YJL156C_mRNA	YJL156C	119	2553	590.0	0.2311	39.2	1943.0	0.0252	0.0	6.0	0.7479	2.7479	64.1429
YJL157C_mRNA	YJL157C	71	2790	321.0	0.1151	1249.0	2429.0	0.0	0.0	12.0	0.4507	1.2958	44.2394
YJL158C_mRNA	YJL158C	2280	1127	553.5	0.4911	11.0	323.0	0.025	76.0	258.0	0.0	3.8351	44.8991
YJL159W_mRNA	YJL159W	2535	1736	513.0	0.2955	147.0	1191.0	0.0	0.0	2.0	0.6915	3.2343	56.4252
YJL160C_mRNA	YJL160C	22	1198	387.0	0.323	0.05	480.5	0.1818	14.0	19.0	0.0455	26.0909	46.4091
YJL161W_mRNA	YJL161W	80	1431	638.0	0.4458	168.9	738.0	0.0125	0.0	11.0	0.3625	4.725	44.8
YJL162C_mRNA	YJL162C	56	2021	582.5	0.2882	104.0	1399.5	0.0	0.0	4.5	0.625	1.9464	65.5893
YJL163C_mRNA	YJL163C	28	1835	523.0	0.285	161.6	1216.5	0.0	0.0	10.0	0.5357	1.3929	61.7143
YJL164C_mRNA	YJL164C	66	1609	617.5	0.3838	37.25	692.0	0.0152	0.0	69.0	0.0909	3.4242	50.8636
YJL165C_mRNA	YJL165C	345	2900	537.0	0.1852	4.4	2264.0	0.0551	0.0	6.0	0.7652	7.2232	50.4464
YJL166W_mRNA	YJL166W	1145	619	469.0	0.7577	19.0	61.0	0.0288	61.0	72.0	0.0087	2.1118	46.4096
YJL167W_mRNA	YJL167W	990	1307	446.0	0.3412	76.0	814.5	0.001	9.0	27.0	0.0717	2.2899	42.6303
YJL168C_mRNA	YJL168C	87	2521	487.0	0.1932	847.9	1887.0	0.0	1.2	36.0	0.3218	1.6552	50.7586
YJL171C_mRNA	YJL171C	415	1449	545.0	0.3761	8.0	834.0	0.0795	30.0	49.0	0.0024	2.7301	47.7566
YJL172W_mRNA	YJL172W	171	1914	392.0	0.2048	22.0	1428.0	0.0175	1.0	100.0	0.2222	2.6374	43.2632
YJL173C_mRNA	YJL173C	414	577	445.5	0.7721	3.0	16.0	0.1473	37.0	112.0	0.0	2.1304	37.8406
YJL174W_mRNA	YJL174W	417	1280	443.0	0.3461	39.0	720.0	0.0024	7.4	128.0	0.0528	2.4245	43.6019
YJL175W_mRNA	YJL175W	2	3213	414.0	0.1289	191.2	1192.0	0.0	778.1	1607.0	0.0	1.0	79.5
YJL176C_mRNA	YJL176C	45	2774	542.0	0.1954	1628.8	2226.0	0.0	1.0	8.0	0.7556	1.0	51.0
YJL177W_mRNA	YJL177W	2525	908	648.0	0.7137	39.0	93.0	0.0044	92.0	157.0	0.0044	2.2939	39.1105
YJL178C_mRNA	YJL178C	258	986	559.5	0.5674	19.0	414.5	0.0078	0.0	4.0	0.7132	4.4884	44.1357
YJL179W_mRNA	YJL179W	633	612	510.0	0.8333	0.0	19.0	0.3223	64.8	81.0	0.0	2.8894	39.5024
YJL180C_mRNA	YJL180C	94	1149	693.0	0.6031	43.65	429.0	0.0	0.0	4.0	0.7979	3.1596	51.1915
YJL181W_mRNA	YJL181W	60	1980	492.5	0.2487	41.9	1446.5	0.0167	1.0	19.0	0.2	1.5833	42.4
YJL183W_mRNA	YJL183W	312	1644	612.5	0.3726	220.55	1014.0	0.0	0.0	6.0	0.7115	2.6571	40.8814
YJL184W_mRNA	YJL184W	16	697	451.0	0.6471	203.0	208.0	0.0	12.25	20.5	0.0625	1.8125	38.8125
YJL185C_mRNA	YJL185C	12	1458	435.0	0.2984	359.2	995.0	0.0	1.65	17.0	0.4167	1.4167	62.75
YJL186W_mRNA	YJL186W	296	2313	584.0	0.2525	407.0	1707.0	0.0	1.0	3.0	0.7196	1.8986	43.7568
YJL187C_mRNA	YJL187C	49	2749	559.0	0.2033	6.4	2036.0	0.0816	0.0	35.0	0.3878	4.8163	65.2653
YJL189W_mRNA	YJL189W	23370	329	306.0	0.9301	13.0	20.0	0.0264	0.0	1.0	0.88	1.3564	43.3361
YJL190C_mRNA	YJL190C	15074	686	532.0	0.7755	4.0	14.0	0.1654	115.0	130.0	0.0005	2.059	42.6428
YJL191W_mRNA	YJL191W	958	709	510.0	0.7193	33.0	48.0	0.0042	81.7	145.0	0.0188	19.6002	33.0491
YJL192C_mRNA	YJL192C	267	886	469.0	0.5293	7.9	387.0	0.0637	12.9	43.0	0.03	4.4157	37.1386
YJL193W_mRNA	YJL193W	61	1568	474.0	0.3023	198.0	970.0	0.0	26.0	43.0	0.0	3.5246	49.0328
YJL194W_mRNA	YJL194W	17	1707	495.0	0.29	357.0	1195.0	0.0588	0.0	5.0	0.7647	1.5294	45.5294
YJL196C_mRNA	YJL196C	395	1261	807.0	0.64	174.0	424.0	0.0025	0.0	5.0	0.8253	1.8734	54.2456
YJL197W_mRNA	YJL197W	39	4040	472.0	0.1168	2358.8	3568.0	0.0	0.0	4.0	0.6154	1.6667	44.0513
YJL198W_mRNA	YJL198W	214	2850	540.5	0.1896	488.3	2223.0	0.0	40.0	79.0	0.0047	3.514	54.4953
YJL199C_mRNA	YJL199C	24	952	505.0	0.5305	333.4	406.0	0.0	0.3	30.5	0.1667	1.75	52.8333
YJL200C_mRNA	YJL200C	830	2648	496.5	0.1875	393.0	2112.5	0.0048	0.0	4.0	0.6494	2.1807	51.9265
YJL201W_mRNA	YJL201W	53	2065	400.0	0.1937	61.6	1522.0	0.0377	3.0	122.0	0.1321	7.0755	45.6792
YJL203W_mRNA	YJL203W	38	1370	513.0	0.3745	221.1	578.5	0.0	17.0	179.0	0.0263	1.7632	25.6316
YJL204C_mRNA	YJL204C	47	2622	489.0	0.1865	3.0	1450.0	0.0851	0.9	10.0	0.5745	5.8723	55.4043
YJL205C_mRNA	YJL205C	120	1171	269.0	0.2297	354.9	899.0	0.0083	0.0	1.0	0.6667	11.7167	64.1417
YJL206C_mRNA	YJL206C	20	2462	664.5	0.2699	180.75	1734.5	0.05	8.55	24.0	0.15	7.3	51.1
YJL207C_mRNA	YJL207C	167	6376	557.0	0.0874	1462.4	5709.0	0.0	5.5	20.0	0.0838	3.0659	53.5449
YJL208C_mRNA	YJL208C	207	1341	459.0	0.3423	30.0	798.0	0.0097	2.0	99.0	0.0628	2.8164	44.4686
YJL209W_mRNA	YJL209W	55	2250	450.0	0.2	114.1	1640.0	0.0	3.0	3.0	0.7636	1.0545	47.8909
YJL210W_mRNA	YJL210W	91	1127	799.0	0.709	116.0	289.0	0.011	0.0	16.0	0.2527	3.3626	49.967
YJL211C_mRNA	YJL211C	1	1187	956.0	0.8054	194.0	194.0	0.0	37.0	37.0	0.0	20.0	11.0
YJL212C_mRNA	YJL212C	229	2721	489.0	0.1797	442.2	2107.0	0.0	3.0	115.0	0.0611	2.7162	56.1834
YJL213W_mRNA	YJL213W	114	1666	424.0	0.2545	41.25	1154.5	0.0439	4.3	90.0	0.2281	2.2368	42.3246
YJL214W_mRNA	YJL214W	70	2350	541.5	0.2304	1656.4	1789.5	0.0	0.0	2.0	0.6857	2.6	160.0857
YJL215C_mRNA	YJL215C	2	2157	697.5	0.3234	1073.5	1456.0	0.0	3.05	3.5	1.0	0.0	14.5
YJL216C_mRNA	YJL216C	19	2647	488.0	0.1844	316.3	2014.0	0.0526	0.0	1.0	0.8421	48.4737	102.7368
YJL217W_mRNA	YJL217W	209	879	670.0	0.7622	22.0	112.0	0.0096	50.0	83.0	0.0048	2.2201	42.6603
YJL218W_mRNA	YJL218W	32	852	532.0	0.6244	73.0	307.5	0.0	1.0	7.0	0.625	0.8438	46.1562
YJL219W_mRNA	YJL219W	4	1704	467.0	0.2741	431.65	1230.5	0.0	1.95	13.0	0.25	6.0	178.0
YJL221C_mRNA	YJL221C	24	2693	400.5	0.1487	4.2	1561.0	0.0833	0.0	7.5	0.5833	24.875	51.125
YJL222W_mRNA	YJL222W	60	5681	432.0	0.076	1570.15	5099.0	0.0	0.0	73.0	0.2333	3.4333	50.8333
YJL223C_mRNA	YJL223C	5	363	222.0	0.6116	24.6	139.0	0.2	0.0	2.0	1.0	40.0	149.0
YJL225C_mRNA	YJL225C	52	5852	336.0	0.0574	2103.45	5087.0	0.0	387.0	398.0	0.0	1.6346	49.4231
YJR001W_mRNA	YJR001W	257	2014	418.0	0.2075	116.2	1557.0	0.0	1.0	47.0	0.2218	3.0895	52.1868
YJR002W_mRNA	YJR002W	209	2183	447.0	0.2048	812.0	1665.0	0.0	0.0	22.0	0.2967	3.0526	44.3589
YJR003C_mRNA	YJR003C	108	1722	645.0	0.3746	29.0	931.5	0.0185	25.75	59.0	0.037	4.1481	44.5
YJR004C_mRNA	YJR004C	625	2883	379.0	0.1315	71.6	2463.0	0.0272	0.0	4.0	0.8	3.3248	89.2384
YJR005C-A_mRNA	YJR005C-A	1	615	260.0	0.4228	319.0	319.0	0.0	36.0	36.0	0.0	0.0	117.0
YJR005W_mRNA	YJR005W	129	2434	451.0	0.1853	17.4	1553.0	0.0465	3.0	154.0	0.2791	3.876	52.4109
YJR006W_mRNA	YJR006W	99	1576	443.0	0.2811	11.0	1080.0	0.0303	0.0	34.0	0.1616	2.5556	33.8081
YJR007W_mRNA	YJR007W	600	1231	574.0	0.4663	50.0	603.5	0.0	7.0	27.5	0.2083	3.5667	47.575
YJR008W_mRNA	YJR008W	122	1343	768.5	0.5722	13.0	489.5	0.0328	0.0	107.0	0.3443	4.1639	50.2869
YJR009C_mRNA	YJR009C	10377	1403	523.0	0.3728	231.0	852.0	0.0	0.0	4.0	0.5774	2.443	47.2573
YJR010C-A_mRNA	YJR010C-A	151	3862	505.0	0.1308	173.0	221.0	0.0199	3089.0	3111.0	0.0	3.4305	39.2053
YJR010W_mRNA	YJR010W	48	1878	291.0	0.155	13.0	1182.5	0.0417	2.0	21.5	0.3542	2.5417	41.375
YJR011C_mRNA	YJR011C	132	1112	724.5	0.6515	195.1	358.5	0.0	0.0	3.0	0.6894	1.803	62.6515
YJR012C_mRNA	YJR012C	100	561	460.5	0.8209	43.0	94.0	0.0	0.0	0.0	0.73	3.01	88.49
YJR013W_mRNA	YJR013W	65	1697	602.0	0.3547	361.4	1079.0	0.0	0.0	0.0	0.6	2.3846	55.2923
YJR014W_mRNA	YJR014W	293	1377	607.0	0.4408	160.6	506.0	0.0034	140.0	249.0	0.0273	1.6553	43.2935
YJR015W_mRNA	YJR015W	295	1853	507.0	0.2736	214.7	1293.0	0.0	1.0	4.0	0.6169	1.7695	43.9051
YJR016C_mRNA	YJR016C	1555	1984	634.0	0.3196	60.0	1318.0	0.0	0.0	19.0	0.4579	2.6341	46.3646
YJR017C_mRNA	YJR017C	163	831	522.0	0.6282	64.0	294.0	0.0	0.0	7.0	0.7914	1.816	39.7423
YJR018W_mRNA	YJR018W	12	729	251.0	0.3443	88.7	279.5	0.0	0.0	11.0	0.5	2.6667	56.25
YJR019C_mRNA	YJR019C	25	1164	363.0	0.3119	27.2	798.0	0.0	0.6	5.0	0.84	1.72	49.64
YJR020W_mRNA	YJR020W	5	1301	435.0	0.3344	164.8	798.0	0.0	1.2	6.0	0.6	1.2	72.6
YJR021C_mRNA	YJR021C	23	1109	396.0	0.3571	45.4	671.0	0.0	0.0	5.0	0.6957	2.0	51.5217
YJR022W_mRNA	YJR022W	34	417	401.0	0.9616	0.65	13.0	0.4118	0.0	1.0	0.8824	2.8529	54.6765
YJR023C_mRNA	YJR023C	94	1171	768.0	0.6558	4.65	30.0	0.1702	312.0	345.0	0.0	2.5745	38.0638
YJR024C_mRNA	YJR024C	83	841	783.0	0.931	0.0	25.0	0.1566	0.0	12.0	0.3976	14.1807	45.6145
YJR025C_mRNA	YJR025C	538	873	571.5	0.6546	105.25	237.0	0.0056	0.0	69.0	0.2918	2.7528	39.6152
YJR027W_mRNA	YJR027W	656	5268	1139.0	0.2162	678.5	3781.0	0.0137	0.0	6.0	0.5595	2.782	217.1418
YJR028W_mRNA	YJR028W	7	1323	678.0	0.5125	0.0	0.0	0.8571	498.3	616.0	0.0	34.8571	35.8571
YJR029W_mRNA	YJR029W	2255	5268	711.0	0.135	1290.1	4380.0	0.0115	0.0	0.0	0.8155	3.1002	302.9583
YJR030C_mRNA	YJR030C	52	2515	204.0	0.0811	43.0	2287.0	0.0192	0.0	43.0	0.25	33.2692	41.8077
YJR031C_mRNA	YJR031C	50	4464	470.0	0.1053	2082.75	3866.5	0.0	0.0	8.0	0.56	3.14	57.94
YJR032W_mRNA	YJR032W	156	1433	693.0	0.4836	10.75	590.0	0.0513	101.0	111.5	0.0	2.4038	31.1923
YJR033C_mRNA	YJR033C	44	4191	488.0	0.1164	1340.0	3587.5	0.0227	0.0	23.0	0.2727	8.4091	44.4545
YJR034W_mRNA	YJR034W	79	642	466.0	0.7259	15.4	72.0	0.0506	0.0	70.0	0.0886	1.4684	55.6329
YJR035W_mRNA	YJR035W	65	3544	505.0	0.1425	714.0	2990.0	0.0	0.8	15.0	0.1846	1.6615	50.4923
YJR036C_mRNA	YJR036C	41	3117	662.0	0.2124	282.0	2232.0	0.0	0.0	20.0	0.4634	3.122	54.0244
YJR039W_mRNA	YJR039W	54	3650	745.5	0.2042	844.85	2539.5	0.0	1.0	22.0	0.4074	2.3704	44.7222
YJR040W_mRNA	YJR040W	111	2456	487.0	0.1983	365.5	1935.0	0.018	2.0	13.0	0.3784	5.4324	43.8829
YJR041C_mRNA	YJR041C	135	3775	511.0	0.1354	752.5	3230.0	0.0074	0.0	22.0	0.4296	3.037	52.4741
YJR042W_mRNA	YJR042W	211	2439	663.0	0.2718	16.0	1610.0	0.019	43.0	90.0	0.0284	1.8199	47.9005
YJR043C_mRNA	YJR043C	54	1347	538.0	0.3994	102.6	747.0	0.037	0.0	35.0	0.3704	3.0741	48.9444
YJR044C_mRNA	YJR044C	127	751	630.0	0.8389	72.6	100.0	0.0	0.0	6.0	0.685	2.4882	59.4882
YJR045C_mRNA	YJR045C	2910	2371	498.5	0.2102	18.0	1804.0	0.0045	12.0	51.0	0.022	2.4742	51.8945
YJR046W_mRNA	YJR046W	259	1958	428.0	0.2186	86.9	1473.0	0.0	1.0	5.0	0.7027	1.9537	33.9923
YJR047C_mRNA	YJR047C	58	706	516.5	0.7316	86.7	188.5	0.0	0.0	2.0	0.7759	1.8793	45.3103
YJR048W_mRNA	YJR048W	642	815	523.5	0.6423	253.0	283.0	0.0016	0.0	1.0	0.8925	2.4424	37.433
YJR049C_mRNA	YJR049C	87	1884	605.0	0.3211	0.0	1131.0	0.092	4.8	161.0	0.0805	3.0115	45.2989
YJR050W_mRNA	YJR050W	124	1041	633.5	0.6085	47.0	381.5	0.0081	0.0	6.0	0.8226	2.2177	43.5484
YJR051W_mRNA	YJR051W	132	1781	560.0	0.3144	176.0	1170.5	0.0	0.0	33.5	0.1515	2.1894	50.1212
YJR052W_mRNA	YJR052W	66	1827	641.0	0.3508	0.0	928.5	0.1364	1.0	7.0	0.7424	21.1212	42.8788
YJR053W_mRNA	YJR053W	1	1725	1200.0	0.6957	525.0	525.0	0.0	0.0	0.0	1.0	0.0	425.0
YJR054W_mRNA	YJR054W	88	2241	600.0	0.2677	575.4	1540.5	0.0227	0.0	6.0	0.5341	8.8182	65.6023
YJR055W_mRNA	YJR055W	43	969	617.0	0.6367	11.2	291.0	0.0465	7.8	26.0	0.0698	1.6279	46.4884
YJR056C_mRNA	YJR056C	87	1051	555.0	0.5281	24.0	413.0	0.0	0.0	12.0	0.2529	2.5402	40.6437
YJR057W_mRNA	YJR057W	170	818	618.0	0.7555	0.0	39.5	0.2118	73.45	83.0	0.0294	2.8412	41.2824
YJR058C_mRNA	YJR058C	164	789	497.0	0.6299	160.55	284.0	0.0	0.0	8.0	0.7622	2.7439	33.5427
YJR059W_mRNA	YJR059W	115	2743	521.0	0.1899	20.3	2088.0	0.0261	1.0	6.0	0.5652	14.5739	41.3478
YJR060W_mRNA	YJR060W	106	1948	475.0	0.2438	595.0	1166.5	0.0	159.25	188.0	0.0094	2.1321	37.717
YJR061W_mRNA	YJR061W	20	3055	650.5	0.2129	840.75	2329.5	0.05	0.95	12.0	0.35	11.1	41.65
YJR062C_mRNA	YJR062C	52	2018	645.5	0.3199	24.8	1083.0	0.0	0.0	509.5	0.0769	4.0577	51.9808
YJR063W_mRNA	YJR063W	234	649	484.0	0.7458	10.0	49.0	0.1453	68.0	88.0	0.0128	3.0983	48.4573
YJR064W_mRNA	YJR064W	875	1895	532.0	0.2807	25.0	1233.0	0.0274	90.0	106.0	0.0057	2.3063	45.0697
YJR065C_mRNA	YJR065C	307	1700	780.0	0.4588	33.0	753.0	0.0065	83.7	145.0	0.013	3.6808	41.6091
YJR066W_mRNA	YJR066W	97	7530	707.0	0.0939	722.8	5737.0	0.0206	1.0	1347.0	0.299	2.4124	48.7526
YJR067C_mRNA	YJR067C	119	1395	516.0	0.3699	25.9	49.0	0.0084	757.0	825.0	0.0084	3.1092	48.7563
YJR068W_mRNA	YJR068W	186	1211	695.0	0.5739	8.0	484.5	0.1075	24.0	44.0	0.0	3.4462	48.1505
YJR069C_mRNA	YJR069C	263	861	681.0	0.7909	12.0	103.0	0.038	50.0	76.0	0.0076	3.1027	40.673
YJR070C_mRNA	YJR070C	579	1401	756.0	0.5396	220.7	626.0	0.0	0.0	4.0	0.6978	2.8083	46.5026
YJR072C_mRNA	YJR072C	55	1499	351.0	0.2342	23.0	944.0	0.0182	11.7	227.0	0.0364	2.5818	34.2
YJR073C_mRNA	YJR073C	609	1474	642.0	0.4355	777.0	808.0	0.0	0.0	0.0	0.8654	2.7143	75.2989
YJR074W_mRNA	YJR074W	77	772	508.0	0.658	105.0	257.0	0.0	0.0	2.0	0.6234	1.4026	52.7273
YJR075W_mRNA	YJR075W	295	1558	501.0	0.3216	55.0	958.0	0.0	27.7	76.0	0.0169	2.7017	37.1153
YJR076C_mRNA	YJR076C	72	1470	385.0	0.2619	47.55	1039.5	0.0	0.0	38.0	0.2361	1.6806	42.1667
YJR077C_mRNA	YJR077C	546	1209	764.0	0.6319	25.0	404.5	0.0055	0.0	9.0	0.5147	3.6172	64.0092
YJR078W_mRNA	YJR078W	17	1602	864.0	0.5393	82.0	738.0	0.0	0.0	0.0	0.9412	1.7647	38.9412
YJR079W_mRNA	YJR079W	5	1713	619.0	0.3614	310.0	1092.0	0.0	0.4	3.0	0.6	1.6	48.2
YJR080C_mRNA	YJR080C	153	1434	446.0	0.311	62.2	949.0	0.0065	0.0	38.0	0.1176	5.8039	47.9085
YJR082C_mRNA	YJR082C	249	1229	595.0	0.4841	555.0	608.0	0.004	0.0	5.0	0.5743	3.1486	48.8193
YJR083C_mRNA	YJR083C	31	1276	725.0	0.5682	30.0	284.0	0.0323	132.0	216.0	0.0	1.0968	55.871
YJR084W_mRNA	YJR084W	57	1480	1163.0	0.7858	12.8	188.0	0.0351	20.0	58.0	0.0175	5.6316	43.8246
YJR085C_mRNA	YJR085C	840	535	420.0	0.785	8.0	20.0	0.0583	86.0	92.0	0.0	3.2667	46.2107
YJR086W_mRNA	YJR086W	142	379	361.0	0.9525	0.0	13.0	0.4437	1.0	4.0	0.9296	3.993	57.7254
YJR087W_mRNA	YJR087W	360	981	370.0	0.3772	0.0	16.0	0.375	568.0	583.5	0.0056	3.75	49.5806
YJR088C_mRNA	YJR088C	177	1480	1028.0	0.6946	291.0	312.0	0.0	0.0	140.0	0.2034	1.6497	54.9492
YJR089W_mRNA	YJR089W	49	3626	465.0	0.1282	802.8	3031.0	0.0	0.0	3.0	0.6531	1.1837	49.4694
YJR090C_mRNA	YJR090C	94	3876	527.5	0.1361	54.1	3249.0	0.0106	0.0	26.0	0.1702	2.1915	50.5426
YJR091C_mRNA	YJR091C	91	3628	554.0	0.1527	240.5	3015.0	0.0	2.0	5.0	0.7692	3.022	56.2527
YJR092W_mRNA	YJR092W	84	4699	464.0	0.0987	2103.5	4211.5	0.0119	1.0	10.0	0.5714	3.3333	47.2024
YJR093C_mRNA	YJR093C	61	1218	630.0	0.5172	7.0	504.0	0.0656	39.0	50.0	0.0	2.4754	45.8689
YJR094C_mRNA	YJR094C	15	1452	825.0	0.5682	226.5	605.0	0.0	0.7	6.0	0.8	2.0667	56.0667
YJR094W-A_mRNA	YJR094W-A	7236	542	412.0	0.7601	11.0	28.0	0.0283	82.0	100.0	0.0004	3.1426	41.9656
YJR095W_mRNA	YJR095W	1	1309	315.0	0.2406	993.0	993.0	0.0	1.0	1.0	1.0	2.0	248.0
YJR096W_mRNA	YJR096W	187	1192	873.0	0.7324	143.0	304.0	0.0	0.0	9.0	0.6417	1.8075	51.0428
YJR097W_mRNA	YJR097W	43	843	714.0	0.847	0.0	36.0	0.2791	76.1	92.0	0.0233	1.5116	51.1395
YJR098C_mRNA	YJR098C	26	2180	453.0	0.2078	178.0	1710.0	0.0385	0.0	6.5	0.5385	1.7692	57.1538
YJR099W_mRNA	YJR099W	123	2314	799.0	0.3453	44.0	133.0	0.0244	114.9	1377.0	0.0407	2.3171	41.2927
YJR100C_mRNA	YJR100C	55	1295	796.0	0.6147	229.4	476.0	0.0	0.0	2.0	0.7818	1.9091	44.0909
YJR101W_mRNA	YJR101W	315	1072	741.0	0.6912	38.0	247.0	0.0	0.0	10.0	0.546	3.6508	47.4
YJR102C_mRNA	YJR102C	101	1017	647.0	0.6362	170.0	365.0	0.0099	0.0	4.0	0.7822	3.4356	48.1089
YJR103W_mRNA	YJR103W	115	1890	552.0	0.2921	16.8	1116.0	0.0522	0.0	21.0	0.2696	5.1739	54.2348
YJR104C_mRNA	YJR104C	2260	1516	549.0	0.3621	941.0	957.0	0.0	0.0	7.0	0.7819	2.3991	44.2137
YJR105W_mRNA	YJR105W	1591	1486	852.0	0.5734	388.0	612.0	0.0	1.0	9.0	0.5789	2.7964	46.9811
YJR106W_mRNA	YJR106W	19	2178	488.0	0.2241	226.1	1444.0	0.0526	0.0	19.0	0.4737	4.8421	77.3684
YJR107C-A_mRNA	YJR107C-A	165	414	378.0	0.913	0.0	15.0	0.3212	0.0	3.0	0.6121	2.1333	65.3879
YJR107W_mRNA	YJR107W	39	1629	367.0	0.2253	0.0	1068.0	0.1538	0.0	21.0	0.2564	67.8205	47.359
YJR108W_mRNA	YJR108W	17	1146	394.0	0.3438	482.4	752.0	0.0	0.0	1.0	0.7647	1.2353	50.7059
YJR109C_mRNA	YJR109C	942	3560	519.5	0.1459	71.5	2940.0	0.0096	2.0	7.0	0.5658	3.2887	43.1369
YJR110W_mRNA	YJR110W	55	2336	450.0	0.1926	90.8	1884.0	0.0	0.0	8.0	0.6545	2.7818	49.5636
YJR111C_mRNA	YJR111C	147	1098	412.0	0.3752	42.6	672.0	0.0068	0.0	9.0	0.6803	2.4762	48.0544
YJR112W-A_mRNA	YJR112W-A	72	599	402.0	0.6711	37.55	59.0	0.0139	123.0	138.0	0.0	41.4306	47.0417
YJR112W_mRNA	YJR112W	21	792	310.0	0.3914	30.0	368.0	0.0476	73.0	100.0	0.0	2.1429	34.2857
YJR113C_mRNA	YJR113C	76	1504	673.0	0.4475	352.0	768.0	0.0	0.0	17.0	0.3158	2.25	45.3421
YJR115W_mRNA	YJR115W	31	1461	579.0	0.3963	328.5	865.0	0.0	0.0	9.0	0.5161	7.0645	62.8065
YJR116W_mRNA	YJR116W	71	1191	762.0	0.6398	15.5	284.0	0.0	18.0	54.0	0.0423	5.4648	51.7746
YJR117W_mRNA	YJR117W	307	1566	436.0	0.2784	16.6	1063.0	0.0326	17.0	49.0	0.013	2.1042	50.0554
YJR118C_mRNA	YJR118C	250	848	726.0	0.8561	3.0	34.5	0.14	61.0	76.0	0.008	2.944	44.308
YJR119C_mRNA	YJR119C	24	2363	425.5	0.1801	73.1	1791.5	0.0	20.75	42.0	0.0	2.7083	48.6667
YJR120W_mRNA	YJR120W	5	993	173.0	0.1742	298.6	301.0	0.0	206.8	519.0	0.0	0.6	28.2
YJR121W_mRNA	YJR121W	1464	2132	475.0	0.2228	55.0	1517.0	0.0	35.0	131.0	0.0321	2.9194	41.4495
YJR122W_mRNA	YJR122W	69	2664	419.0	0.1573	374.8	1050.0	0.0	664.4	698.0	0.0	1.4928	46.5072
YJR123W_mRNA	YJR123W	8953	1006	709.0	0.7048	105.0	198.0	0.0001	68.0	74.0	0.0139	2.355	40.1643
YJR124C_mRNA	YJR124C	95	1786	470.0	0.2632	217.0	1265.0	0.0	1.7	6.0	0.6421	4.0316	42.8737
YJR125C_mRNA	YJR125C	97	1456	771.0	0.5295	9.4	586.0	0.0515	18.8	83.0	0.0	1.8557	50.0412
YJR126C_mRNA	YJR126C	167	2677	434.0	0.1621	203.2	2165.0	0.0	0.0	7.0	0.521	1.5269	45.9401
YJR127C_mRNA	YJR127C	86	5024	407.5	0.0811	69.25	4519.5	0.0233	0.0	12.0	0.4302	5.5	48.686
YJR128W_mRNA	YJR128W	1	360	233.0	0.6472	64.0	64.0	0.0	63.0	63.0	0.0	0.0	73.0
YJR129C_mRNA	YJR129C	62	1419	462.5	0.3259	348.55	935.0	0.0	0.0	14.0	0.4194	1.9355	49.8871
YJR130C_mRNA	YJR130C	186	2178	671.5	0.3083	66.75	1377.5	0.0054	7.25	63.0	0.1613	3.1882	45.2151
YJR131W_mRNA	YJR131W	84	2861	575.5	0.2012	296.0	1500.5	0.0	686.75	840.5	0.0119	5.75	37.8333
YJR132W_mRNA	YJR132W	182	3494	565.0	0.1617	319.5	2827.5	0.0055	4.0	94.0	0.3352	4.6648	45.0549
YJR133W_mRNA	YJR133W	188	894	562.5	0.6292	65.0	318.5	0.0053	1.0	8.0	0.7926	3.6011	47.1489
YJR134C_mRNA	YJR134C	107	2301	634.0	0.2755	52.6	1554.0	0.0	0.0	10.0	0.514	1.729	39.2804
YJR135C_mRNA	YJR135C	52	1010	675.0	0.6683	15.4	135.5	0.0192	0.0	153.5	0.25	1.5	38.6731
YJR135W-A_mRNA	YJR135W-A	1039	689	368.0	0.5341	3.0	19.0	0.2714	203.0	303.0	0.0	2.9913	46.0019
YJR136C_mRNA	YJR136C	48	1385	806.5	0.5823	9.4	379.5	0.0625	0.0	8.0	0.6875	4.7292	46.6875
YJR137C_mRNA	YJR137C	144	4633	587.5	0.1268	1433.0	3911.5	0.0	0.0	7.0	0.5694	1.1597	51.5486
YJR138W_mRNA	YJR138W	65	4907	527.0	0.1074	1119.0	4256.0	0.0154	1.2	25.0	0.3692	1.3077	40.1692
YJR139C_mRNA	YJR139C	922	1700	890.5	0.5238	395.0	628.0	0.0	33.0	67.0	0.0141	2.3688	47.1356
YJR140C_mRNA	YJR140C	37	5224	635.0	0.1216	660.4	2958.0	0.027	4.0	722.0	0.0811	4.1892	45.8378
YJR141W_mRNA	YJR141W	118	1216	810.0	0.6661	15.7	237.5	0.0	18.4	73.5	0.0424	1.6441	43.5169
YJR142W_mRNA	YJR142W	173	1299	561.0	0.4319	67.0	642.0	0.0058	22.6	88.0	0.0289	1.948	41.052
YJR143C_mRNA	YJR143C	357	2517	602.0	0.2392	33.0	1866.0	0.0056	2.6	27.0	0.056	3.0084	44.7311
YJR144W_mRNA	YJR144W	219	1077	692.0	0.6425	159.0	334.0	0.0046	5.0	11.0	0.347	3.3059	48.0776
YJR145C_mRNA	YJR145C	6625	1377	542.0	0.3936	477.0	815.0	0.0011	1.0	18.0	0.3078	2.4811	42.1135
YJR147W_mRNA	YJR147W	38	1664	994.0	0.5974	51.05	368.0	0.0263	16.5	265.5	0.0526	9.7105	54.3158
YJR148W_mRNA	YJR148W	638	2375	533.0	0.2244	886.0	1591.0	0.0	2.85	252.0	0.0768	2.2335	41.9734
YJR149W_mRNA	YJR149W	46	1839	294.0	0.1599	2.75	311.5	0.1304	0.25	351.5	0.3043	47.5217	30.4348
YJR151C_mRNA	YJR151C	11	4046	273.0	0.0675	2711.0	3726.0	0.0	0.0	47.0	0.4545	2.3636	83.4545
YJR152W_mRNA	YJR152W	35	2150	646.0	0.3005	229.2	1492.0	0.0571	0.0	2.0	0.7429	20.0	46.9143
YJR153W_mRNA	YJR153W	13	2079	380.0	0.1828	0.0	1037.0	0.1538	1.6	643.0	0.2308	9.0	107.4615
YJR155W_mRNA	YJR155W	60	1317	503.5	0.3823	5.8	778.0	0.0667	0.0	5.0	0.7	22.7333	61.05
YJR156C_mRNA	YJR156C	55	1184	418.0	0.353	435.1	758.0	0.0	0.0	0.0	0.8545	2.3636	37.5273
YJR157W_mRNA	YJR157W	1	936	217.0	0.2318	0.0	0.0	1.0	719.0	719.0	0.0	139.0	99.0
YJR159W_mRNA	YJR159W	41	1538	432.0	0.2809	500.0	1068.0	0.0	0.0	5.0	0.7073	2.3171	71.4146
YJR160C_mRNA	YJR160C	27	2784	316.0	0.1135	286.4	2228.0	0.037	0.0	5.0	0.6667	41.1111	86.6296
YJR161C_mRNA	YJR161C	161	1774	467.0	0.2632	11.0	1243.0	0.0497	0.0	4.0	0.6335	6.5652	65.2236
YKL060C_mRNA	YKL060C	27243	1607	566.0	0.3522	85.0	675.0	0.0003	343.0	351.0	0.0004	2.5638	38.1994
YKL061W_mRNA	YKL061W	86	849	476.0	0.5607	209.25	284.0	0.0116	0.0	38.5	0.1395	0.7791	48.1279
YKL062W_mRNA	YKL062W	192	2459	609.5	0.2479	158.3	1732.5	0.0	0.0	25.0	0.2812	2.5156	56.0885
YKL063C_mRNA	YKL063C	160	1378	573.0	0.4158	524.0	729.0	0.0188	0.0	4.0	0.6125	7.8562	55.6625
YKL064W_mRNA	YKL064W	216	3392	453.0	0.1335	32.25	2746.0	0.037	0.75	6.0	0.5926	5.2361	59.8148
YKL065C_mRNA	YKL065C	976	1009	685.0	0.6789	198.5	257.0	0.0031	0.0	5.0	0.5656	3.2654	55.6732
YKL065W-A_mRNA	YKL065W-A	16	222	177.5	0.7995	0.0	44.5	0.375	0.0	0.0	1.0	77.0625	171.0
YKL066W_mRNA	YKL066W	609	1028	682.0	0.6634	0.0	83.0	0.1133	228.0	256.0	0.0016	3.7521	43.4072
YKL067W_mRNA	YKL067W	479	826	637.0	0.7712	4.9	66.0	0.0814	71.9	100.0	0.0	3.9269	42.8476
YKL068W-A_mRNA	YKL068W-A	208	759	495.0	0.6522	160.35	188.0	0.0	0.0	61.0	0.3365	1.9615	45.9567
YKL068W_mRNA	YKL068W	222	3120	429.0	0.1375	550.5	2675.0	0.009	0.0	14.0	0.464	1.8378	48.2297
YKL069W_mRNA	YKL069W	84	806	563.5	0.6991	29.45	58.0	0.0	114.75	186.0	0.0119	3.619	40.8333
YKL070W_mRNA	YKL070W	8	1066	380.0	0.3565	1.05	486.0	0.25	2.0	2.0	0.625	14.75	57.625
YKL071W_mRNA	YKL071W	50	1089	490.0	0.45	0.0	202.5	0.42	0.0	19.0	0.16	148.46	44.58
YKL072W_mRNA	YKL072W	62	3121	597.0	0.1913	64.55	2045.0	0.0161	5.25	452.5	0.0806	3.0	34.9032
YKL073W_mRNA	YKL073W	301	2813	471.0	0.1674	81.0	2309.0	0.0033	1.0	9.0	0.5847	2.1528	51.7375
YKL074C_mRNA	YKL074C	142	1705	555.5	0.3258	9.45	1109.5	0.0563	2.05	29.0	0.2042	2.5211	45.5845
YKL075C_mRNA	YKL075C	43	1638	453.0	0.2766	12.3	1144.0	0.0698	0.0	17.0	0.4884	1.2558	41.4186
YKL076C_mRNA	YKL076C	14	1503	395.0	0.2628	224.05	1066.5	0.0	0.65	35.5	0.2143	1.4286	38.9286
YKL077W_mRNA	YKL077W	434	1625	554.0	0.3409	59.65	945.0	0.0069	63.0	130.0	0.0	2.3272	43.0899
YKL078W_mRNA	YKL078W	80	2344	477.0	0.2035	723.15	1857.0	0.0125	7.0	16.0	0.1875	1.125	39.675
YKL079W_mRNA	YKL079W	217	2126	782.0	0.3678	1.8	1283.0	0.0691	0.0	4.0	0.8756	4.0461	41.7558
YKL080W_mRNA	YKL080W	764	1435	592.0	0.4125	39.0	748.5	0.0026	44.0	82.0	0.0092	3.2997	44.6243
YKL081W_mRNA	YKL081W	2824	1565	568.0	0.3629	65.0	935.0	0.0014	6.0	41.0	0.1983	3.4862	49.8109
YKL082C_mRNA	YKL082C	19	1553	322.0	0.2073	15.4	1149.0	0.0526	33.4	70.0	0.0526	5.5263	47.9474
YKL083W_mRNA	YKL083W	78	1583	461.5	0.2915	32.0	523.0	0.0256	502.55	541.0	0.0	16.4744	42.3462
YKL084W_mRNA	YKL084W	93	1472	491.0	0.3336	49.4	533.0	0.043	3.6	510.0	0.1505	3.2903	44.0538
YKL085W_mRNA	YKL085W	190	1788	1105.0	0.618	266.0	401.0	0.0	1.0	46.0	0.1684	2.2421	52.9368
YKL086W_mRNA	YKL086W	18	633	468.0	0.7393	34.05	65.5	0.0556	94.75	98.0	0.0	1.8333	68.9444
YKL087C_mRNA	YKL087C	143	994	497.0	0.5	15.0	354.0	0.007	44.5	98.0	0.007	1.7762	40.7832
YKL088W_mRNA	YKL088W	34	2069	332.0	0.1605	130.0	1618.5	0.0	0.0	46.0	0.3529	1.4412	27.2647
YKL089W_mRNA	YKL089W	66	1900	565.5	0.2976	188.5	1147.5	0.0152	0.0	128.0	0.1364	0.9545	42.3333
YKL090W_mRNA	YKL090W	59	1559	525.0	0.3368	29.0	958.0	0.0	9.7	26.0	0.0678	0.678	42.1864
YKL091C_mRNA	YKL091C	110	1077	728.5	0.6764	10.0	247.5	0.0636	0.0	10.0	0.5182	2.4182	46.3455
YKL092C_mRNA	YKL092C	96	3685	504.5	0.1369	1621.75	3064.5	0.0	29.75	81.0	0.0208	1.7396	37.7812
YKL093W_mRNA	YKL093W	15	1291	420.0	0.3253	30.8	862.0	0.0667	0.0	6.0	0.8	58.8667	116.2667
YKL094W_mRNA	YKL094W	345	2069	697.0	0.3369	922.4	1343.0	0.0	0.0	2.0	0.8145	3.6957	51.8986
YKL096C-B_mRNA	YKL096C-B	1	150	146.0	0.9733	0.0	0.0	1.0	4.0	4.0	1.0	45.0	41.0
YKL096W-A_mRNA	YKL096W-A	7394	602	464.0	0.7708	12.0	27.0	0.0196	101.0	107.0	0.0	4.0107	56.7694
YKL096W_mRNA	YKL096W	1685	2660	297.0	0.1117	33.0	164.0	0.0166	5.0	2257.0	0.149	4.5958	53.8012
YKL097C_mRNA	YKL097C	1	411	389.0	0.9465	11.0	11.0	0.0	11.0	11.0	0.0	178.0	525.0
YKL098W_mRNA	YKL098W	70	1325	693.5	0.5234	10.0	532.0	0.1	5.9	123.0	0.0857	2.8429	44.8429
YKL099C_mRNA	YKL099C	275	1022	617.0	0.6037	24.0	313.0	0.0073	61.4	88.0	0.0	2.6291	35.2109
YKL100C_mRNA	YKL100C	146	2086	732.0	0.3509	68.5	1261.0	0.0	0.0	6.0	0.5479	2.7123	58.1438
YKL101W_mRNA	YKL101W	256	4960	553.0	0.1115	118.75	4327.5	0.0234	1.0	7.0	0.6289	7.6836	42.5234
YKL103C_mRNA	YKL103C	169	2190	654.0	0.2986	412.0	1469.0	0.0	0.0	17.0	0.355	2.1065	52.3195
YKL104C_mRNA	YKL104C	557	2635	758.0	0.2877	34.4	1725.0	0.0054	20.8	52.0	0.0269	2.6086	49.5278
YKL105C_mRNA	YKL105C	76	3807	386.0	0.1014	1966.25	3395.0	0.0132	0.0	17.0	0.2895	2.7763	48.5789
YKL106C-A_mRNA	YKL106C-A	3	1017	627.0	0.6165	205.5	291.0	0.0	39.2	194.0	0.0	1.0	11.3333
YKL106W_mRNA	YKL106W	96	1631	720.5	0.4418	0.75	800.5	0.0833	44.75	56.0	0.0104	2.9479	43.9375
YKL107W_mRNA	YKL107W	1	1168	697.0	0.5967	376.0	376.0	0.0	95.0	95.0	0.0	0.0	86.0
YKL108W_mRNA	YKL108W	27	1697	250.0	0.1473	242.1	1388.0	0.0	0.0	4.0	0.5926	2.2593	54.6667
YKL109W_mRNA	YKL109W	410	2359	600.0	0.2543	88.0	1714.5	0.0098	1.0	5.5	0.6146	2.8171	53.1171
YKL110C_mRNA	YKL110C	210	1691	510.5	0.3019	553.15	952.0	0.0	0.0	12.0	0.4429	2.5571	36.981
YKL112W_mRNA	YKL112W	24	2519	674.0	0.2676	57.85	1782.0	0.0	0.0	1.0	0.625	3.0	50.7083
YKL113C_mRNA	YKL113C	37	1336	567.0	0.4244	36.0	734.0	0.0	0.0	24.0	0.1622	1.9189	37.0
YKL114C_mRNA	YKL114C	40	1283	740.0	0.5768	38.45	466.5	0.0	7.0	26.0	0.075	1.5	43.65
YKL115C_mRNA	YKL115C	37	1431	386.0	0.2697	84.2	624.0	0.027	340.4	424.0	0.0	1.2162	23.6216
YKL116C_mRNA	YKL116C	82	2063	593.5	0.2877	107.25	1394.0	0.0	0.6	33.0	0.061	3.2195	49.0122
YKL117W_mRNA	YKL117W	579	987	524.0	0.5309	5.0	333.0	0.1036	69.0	141.0	0.0	1.7478	39.1693
YKL118W_mRNA	YKL118W	1	312	179.0	0.5737	133.0	133.0	0.0	0.0	0.0	1.0	0.0	388.0
YKL119C_mRNA	YKL119C	240	908	705.0	0.7764	75.95	200.0	0.0	0.0	2.0	0.6458	1.7083	41.3875
YKL120W_mRNA	YKL120W	1223	1327	730.0	0.5501	88.0	533.0	0.0	1.0	18.0	0.3851	3.8953	50.9436
YKL121W_mRNA	YKL121W	55	2952	468.0	0.1585	617.4	2442.0	0.0	3.4	16.0	0.1818	13.1818	49.8
YKL122C_mRNA	YKL122C	654	718	594.0	0.8273	18.0	43.0	0.0046	17.9	77.5	0.0413	1.474	40.4205
YKL123W_mRNA	YKL123W	28	1598	461.0	0.2885	618.1	1135.5	0.0	0.0	10.5	0.5	1.8214	39.5
YKL124W_mRNA	YKL124W	15	2042	344.0	0.1685	42.6	1138.0	0.0667	0.0	6.0	0.5333	1.4	38.2
YKL125W_mRNA	YKL125W	120	2150	565.5	0.263	0.0	1277.5	0.075	1.95	13.5	0.3333	2.9333	45.825
YKL126W_mRNA	YKL126W	172	2325	527.5	0.2269	136.55	1728.5	0.0	1.0	1.0	0.7151	2.6628	40.8779
YKL127W_mRNA	YKL127W	238	2226	499.0	0.2242	333.8	1674.0	0.0042	1.0	8.0	0.6261	2.7689	49.5042
YKL128C_mRNA	YKL128C	385	1301	650.0	0.4996	7.0	384.0	0.1558	147.6	228.0	0.0	5.1662	46.2026
YKL129C_mRNA	YKL129C	54	4289	355.0	0.0828	326.85	3831.5	0.0	5.0	11.0	0.4444	3.1481	53.5926
YKL130C_mRNA	YKL130C	134	1007	548.5	0.5447	53.0	354.5	0.0	17.0	50.5	0.0448	1.8507	44.8657
YKL132C_mRNA	YKL132C	26	1916	836.5	0.4366	128.75	862.5	0.0	0.0	135.0	0.1538	3.9231	68.0
YKL133C_mRNA	YKL133C	32	1593	481.0	0.3019	25.4	788.5	0.0	104.25	121.0	0.0312	13.9375	33.25
YKL134C_mRNA	YKL134C	89	2661	523.0	0.1965	186.0	2052.0	0.0	0.4	66.0	0.1236	2.0787	45.6629
YKL135C_mRNA	YKL135C	153	2406	554.0	0.2303	121.6	1799.0	0.0	0.0	2.0	0.8627	3.4771	73.5425
YKL137W_mRNA	YKL137W	288	896	484.5	0.5407	350.0	391.0	0.0	0.0	0.0	0.7674	2.0556	75.3681
YKL138C-A_mRNA	YKL138C-A	204	1000	450.0	0.45	26.3	491.0	0.0343	0.0	3.5	0.5539	1.9804	51.7745
YKL138C_mRNA	YKL138C	93	991	524.0	0.5288	316.8	462.0	0.0	0.0	0.0	0.957	9.3226	62.6667
YKL139W_mRNA	YKL139W	66	1830	580.5	0.3172	5.0	1222.5	0.1061	0.0	11.0	0.2727	4.4545	43.0455
YKL140W_mRNA	YKL140W	119	2140	492.0	0.2299	86.8	1581.0	0.0084	28.0	82.0	0.0	2.2857	48.9916
YKL141W_mRNA	YKL141W	256	975	687.0	0.7046	219.0	247.5	0.0	0.0	30.0	0.1797	3.0781	50.3945
YKL142W_mRNA	YKL142W	239	917	622.0	0.6783	11.6	88.0	0.0502	17.9	28.0	0.0251	5.046	39.0753
YKL143W_mRNA	YKL143W	103	1814	361.0	0.199	18.0	1185.0	0.0194	7.0	282.0	0.0874	1.1748	31.2816
YKL144C_mRNA	YKL144C	174	969	579.5	0.598	36.0	264.5	0.0	12.0	114.0	0.0287	2.8908	42.6494
YKL145W-A_mRNA	YKL145W-A	183	1615	542.0	0.3356	7.1	1021.0	0.0765	5.0	44.0	0.1148	3.8251	44.3716
YKL145W_mRNA	YKL145W	218	1666	486.5	0.292	8.85	1080.0	0.0596	15.0	57.0	0.0183	2.6009	48.4037
YKL146W_mRNA	YKL146W	112	2341	463.5	0.198	194.1	1831.5	0.0	0.0	1.5	0.8571	2.5179	51.0357
YKL148C_mRNA	YKL148C	85	2332	892.0	0.3825	39.0	1349.0	0.0235	17.8	39.0	0.0353	6.1882	52.2941
YKL149C_mRNA	YKL149C	60	1447	442.5	0.3058	69.8	974.5	0.0	1.95	18.5	0.25	2.4	52.3833
YKL150W_mRNA	YKL150W	588	1177	597.0	0.5072	138.0	430.5	0.0068	1.0	21.0	0.3724	20.8997	46.6293
YKL151C_mRNA	YKL151C	180	2178	368.0	0.169	58.0	1008.5	0.0111	24.55	970.0	0.0389	5.05	43.3444
YKL152C_mRNA	YKL152C	14874	1413	802.0	0.5676	21.0	98.0	0.0071	489.0	499.0	0.0001	2.5996	42.0719
YKL154W_mRNA	YKL154W	203	950	801.0	0.8432	10.0	82.0	0.0739	38.2	54.0	0.0049	2.1872	50.6207
YKL155C_mRNA	YKL155C	75	2032	384.0	0.189	57.5	1601.0	0.0	8.4	43.0	0.0933	1.4	51.0267
YKL156W_mRNA	YKL156W	4775	539	463.0	0.859	31.0	58.0	0.005	1.0	20.0	0.2214	6.706	44.3024
YKL157W_mRNA	YKL157W	325	3874	456.0	0.1177	1135.0	3370.0	0.0	0.0	13.0	0.2031	4.9354	47.9569
YKL159C_mRNA	YKL159C	38	1437	467.0	0.325	80.85	399.5	0.0	459.85	572.5	0.0263	4.2632	60.0
YKL160W_mRNA	YKL160W	46	1680	399.5	0.2378	2.0	231.0	0.2174	52.0	1153.5	0.0	3.4348	44.7174
YKL161C_mRNA	YKL161C	71	2351	563.0	0.2395	494.5	1601.0	0.0141	0.0	27.0	0.2113	18.4648	52.338
YKL162C-A_mRNA	YKL162C-A	7	153	153.0	1.0	0.0	0.0	0.7143	0.0	0.0	1.0	38.5714	333.4286
YKL162C_mRNA	YKL162C	22	1464	362.5	0.2476	66.05	1062.0	0.0	2.0	4.0	0.8182	3.5909	57.9545
YKL163W_mRNA	YKL163W	170	2290	359.5	0.157	0.0	755.5	0.2706	35.0	1346.0	0.0	43.1118	45.8471
YKL164C_mRNA	YKL164C	367	1648	547.0	0.3319	293.0	1028.0	0.0027	0.0	7.0	0.6621	3.5204	56.327
YKL165C-A_mRNA	YKL165C-A	1	611	261.0	0.4272	7.0	7.0	1.0	343.0	343.0	0.0	227.0	90.0
YKL165C_mRNA	YKL165C	164	2973	437.5	0.1472	45.6	2481.0	0.0122	0.0	16.5	0.4451	2.7134	59.5854
YKL166C_mRNA	YKL166C	90	1634	495.0	0.3029	68.95	1040.0	0.0111	0.0	5.0	0.7667	1.8333	32.0556
YKL167C_mRNA	YKL167C	134	678	524.0	0.7729	11.0	43.5	0.0373	37.0	101.0	0.0075	6.7761	40.3731
YKL168C_mRNA	YKL168C	35	2522	525.0	0.2082	252.4	1537.0	0.0	114.2	235.0	0.0	2.1143	25.3143
YKL169C_mRNA	YKL169C	33	2354	375.0	0.1593	780.2	1098.0	0.0	407.2	794.0	0.0606	0.9394	28.5152
YKL170W_mRNA	YKL170W	108	713	582.0	0.8163	20.05	75.0	0.037	21.7	44.0	0.0093	2.75	38.4259
YKL171W_mRNA	YKL171W	36	3015	393.0	0.1303	503.5	2605.0	0.0278	1.0	5.5	0.6111	4.3611	54.0
YKL172W_mRNA	YKL172W	212	1527	381.5	0.2498	287.55	1090.0	0.0	40.0	49.0	0.0	1.6226	33.3915
YKL173W_mRNA	YKL173W	107	3196	441.0	0.138	729.9	2719.0	0.0	0.0	20.0	0.3832	2.5514	51.8785
YKL174C_mRNA	YKL174C	85	2081	595.0	0.2859	20.2	1439.0	0.0353	20.6	38.0	0.0235	2.4235	42.2471
YKL175W_mRNA	YKL175W	163	1917	445.0	0.2321	220.6	1389.0	0.0	1.1	78.0	0.1963	3.0184	46.8405
YKL176C_mRNA	YKL176C	105	2926	433.0	0.148	17.6	2461.0	0.019	0.0	10.0	0.5238	6.3333	74.0857
YKL178C_mRNA	YKL178C	803	1886	432.0	0.2291	151.0	1398.0	0.005	0.0	3.0	0.726	3.4433	54.2727
YKL179C_mRNA	YKL179C	144	2295	601.5	0.2621	247.25	1570.0	0.0208	0.0	88.5	0.3056	3.7222	58.7153
YKL180W_mRNA	YKL180W	3824	868	658.0	0.7581	153.0	170.0	0.0	1.0	24.0	0.113	1.8504	42.421
YKL181W_mRNA	YKL181W	1113	1798	621.0	0.3454	30.8	961.0	0.0216	166.0	188.0	0.0027	2.7107	49.1617
YKL182W_mRNA	YKL182W	3813	6802	621.0	0.0913	3467.4	6129.0	0.0008	0.0	2.0	0.8261	2.9641	51.3173
YKL183W_mRNA	YKL183W	81	1805	580.0	0.3213	31.0	646.0	0.0	551.0	573.0	0.0123	1.6296	35.4691
YKL184W_mRNA	YKL184W	222	1919	441.5	0.2301	71.0	1405.0	0.009	17.05	26.0	0.036	2.7027	38.6486
YKL185W_mRNA	YKL185W	162	2255	466.5	0.2069	27.05	1644.5	0.0185	3.05	15.0	0.2654	5.0247	49.6481
YKL186C_mRNA	YKL186C	240	976	485.5	0.4974	205.75	452.5	0.0	0.0	17.0	0.3792	18.2792	46.925
YKL187C_mRNA	YKL187C	8	2494	435.0	0.1744	1146.75	2059.0	0.0	0.0	4.5	0.75	3.625	86.375
YKL188C_mRNA	YKL188C	81	2978	795.0	0.267	642.0	2153.0	0.0	0.0	2.0	0.8148	3.0247	76.5556
YKL189W_mRNA	YKL189W	55	1689	447.0	0.2647	157.7	1114.0	0.0	0.0	86.0	0.1818	1.9273	60.7455
YKL190W_mRNA	YKL190W	169	967	680.0	0.7032	13.0	44.0	0.0355	7.4	224.0	0.0651	3.6036	34.9763
YKL191W_mRNA	YKL191W	170	1748	533.5	0.3052	47.0	1178.0	0.0	0.0	8.0	0.7588	1.9765	50.1941
YKL192C_mRNA	YKL192C	472	604	520.0	0.8609	51.55	76.0	0.0021	1.0	7.0	0.5678	5.5297	49.947
YKL193C_mRNA	YKL193C	100	1176	714.0	0.6071	11.0	372.5	0.04	0.0	10.0	0.59	2.33	37.2
YKL194C_mRNA	YKL194C	56	1694	600.0	0.3542	66.0	1005.0	0.0179	12.75	61.5	0.0536	2.1964	39.625
YKL195W_mRNA	YKL195W	252	1522	588.5	0.3867	19.0	783.0	0.0278	94.0	140.0	0.004	1.9603	45.3056
YKL196C_mRNA	YKL196C	1240	880	737.0	0.8375	56.0	121.5	0.0024	0.0	10.0	0.6339	2.5411	54.2694
YKL197C_mRNA	YKL197C	21	3456	571.0	0.1652	576.0	2752.0	0.0	0.0	2.0	0.7143	4.0952	76.7619
YKL198C_mRNA	YKL198C	63	2359	652.0	0.2764	177.9	1531.0	0.0159	4.1	29.0	0.0794	3.9524	51.8095
YKL201C_mRNA	YKL201C	11	3745	314.0	0.0838	1256.0	1950.0	0.0	0.0	1594.0	0.2727	2.1818	53.1818
YKL202W_mRNA	YKL202W	3	582	132.0	0.2268	312.2	395.0	0.0	54.1	55.0	0.0	157.3333	460.0
YKL203C_mRNA	YKL203C	80	7688	370.0	0.0481	607.8	7283.0	0.0125	0.0	7.0	0.5875	3.725	43.6125
YKL204W_mRNA	YKL204W	103	2121	543.0	0.256	532.1	1568.0	0.0	0.0	14.0	0.4369	2.0874	52.9223
YKL205W_mRNA	YKL205W	276	3459	590.5	0.1707	13.0	1732.0	0.0362	0.0	15.0	0.4058	4.2609	67.0906
YKL206C_mRNA	YKL206C	174	973	592.5	0.6089	74.0	332.5	0.0	0.0	1.0	0.6782	1.5517	52.7299
YKL207W_mRNA	YKL207W	272	1031	446.5	0.4331	61.1	459.0	0.0037	90.1	126.0	0.0037	3.5221	47.9118
YKL208W_mRNA	YKL208W	55	1053	580.0	0.5508	20.1	359.0	0.0364	68.0	108.0	0.0	1.2545	45.7091
YKL209C_mRNA	YKL209C	41	4086	469.0	0.1148	1528.0	3605.0	0.0	0.0	12.0	0.4634	3.2439	44.9512
YKL210W_mRNA	YKL210W	463	3211	516.0	0.1607	329.3	2659.0	0.0194	0.0	2.0	0.6782	4.6955	49.8294
YKL211C_mRNA	YKL211C	338	1689	553.5	0.3277	48.85	1109.0	0.0	0.0	13.5	0.4734	1.9438	54.6183
YKL212W_mRNA	YKL212W	340	2324	524.0	0.2255	74.0	1770.0	0.0206	0.0	1.0	0.7324	3.0676	54.6735
YKL213C_mRNA	YKL213C	323	2302	633.0	0.275	76.3	1633.0	0.0	0.0	7.0	0.6068	7.3344	52.4334
YKL214C_mRNA	YKL214C	141	841	464.0	0.5517	12.0	275.0	0.0284	3.0	101.0	0.078	1.6879	38.4752
YKL215C_mRNA	YKL215C	75	4339	581.0	0.1339	201.8	3663.0	0.0	0.0	49.0	0.3467	4.7467	63.5867
YKL216W_mRNA	YKL216W	450	1403	493.0	0.3514	17.9	780.5	0.0222	87.0	120.0	0.0	2.4222	47.4022
YKL217W_mRNA	YKL217W	47	2940	422.0	0.1435	1489.3	2515.0	0.0	1.0	4.0	0.766	1.9362	49.5106
YKL218C_mRNA	YKL218C	203	1888	524.0	0.2775	624.2	1249.0	0.0049	0.0	9.0	0.5172	5.1675	83.803
YKL219W_mRNA	YKL219W	65	1410	432.0	0.3064	170.6	968.0	0.0	0.0	4.0	0.9385	1.4923	90.8923
YKL220C_mRNA	YKL220C	31	2834	522.0	0.1842	0.0	1820.0	0.2258	0.0	3.0	0.6129	79.2581	100.0323
YKL221W_mRNA	YKL221W	4	1422	414.0	0.2911	149.85	1003.5	0.25	0.0	2.0	0.75	53.5	129.25
YKL222C_mRNA	YKL222C	43	2515	341.0	0.1356	97.9	2134.0	0.0	0.0	3.0	0.5581	2.5349	79.0
YKL001C_mRNA	YKL001C	330	868	685.5	0.7897	87.7	140.0	0.0	0.0	30.0	0.2576	2.1424	39.6182
YKL002W_mRNA	YKL002W	139	1268	401.0	0.3162	422.8	853.0	0.0	0.0	0.0	0.7338	1.8058	124.964
YKL003C_mRNA	YKL003C	230	1615	489.0	0.3028	1057.0	1093.0	0.0087	0.0	28.5	0.1609	3.2565	45.3261
YKL004W_mRNA	YKL004W	269	1751	446.0	0.2547	26.0	1244.0	0.0	7.0	38.0	0.0929	2.9814	50.6617
YKL005C_mRNA	YKL005C	74	2103	353.0	0.1679	53.3	1529.5	0.027	0.0	1.0	0.5946	7.8919	44.2838
YKL006C-A_mRNA	YKL006C-A	514	1036	393.0	0.3793	180.65	638.0	0.0039	0.0	1.0	0.8113	9.4844	62.07
YKL006W_mRNA	YKL006W	7871	712	500.0	0.7022	164.0	185.0	0.0001	0.0	20.0	0.3405	2.2599	45.2375
YKL007W_mRNA	YKL007W	341	1305	659.0	0.505	327.0	615.0	0.0	0.0	1.0	0.8768	2.7801	43.0323
YKL008C_mRNA	YKL008C	265	1621	674.0	0.4158	99.0	901.0	0.0	0.0	17.0	0.4415	2.166	64.8491
YKL009W_mRNA	YKL009W	1518	919	686.5	0.747	42.85	197.0	0.002	2.0	34.0	0.0685	2.6153	46.4348
YKL010C_mRNA	YKL010C	176	4611	375.5	0.0814	698.5	4216.0	0.0057	0.0	3.0	0.75	2.5739	45.8068
YKL011C_mRNA	YKL011C	77	1281	697.0	0.5441	112.8	557.0	0.026	0.0	3.0	0.8701	5.1948	47.4286
YKL012W_mRNA	YKL012W	87	2062	504.0	0.2444	49.8	1417.0	0.0	65.4	146.0	0.0115	1.8736	50.977
YKL013C_mRNA	YKL013C	672	844	607.5	0.7198	19.0	134.5	0.0015	48.55	102.0	0.0193	2.7604	44.6176
YKL014C_mRNA	YKL014C	319	5715	566.0	0.099	2117.7	5090.0	0.0	0.0	10.0	0.5047	1.674	47.2226
YKL015W_mRNA	YKL015W	93	3145	671.0	0.2134	18.4	2412.0	0.043	0.0	13.0	0.4409	4.5806	65.1505
YKL016C_mRNA	YKL016C	373	815	633.0	0.7767	16.2	64.0	0.0214	43.0	98.0	0.0161	2.8123	42.866
YKL017C_mRNA	YKL017C	27	2169	577.0	0.266	10.0	1519.0	0.1111	6.3	44.0	0.2963	1.3704	43.2963
YKL018C-A_mRNA	YKL018C-A	74	927	350.0	0.3776	14.6	87.0	0.0405	445.6	480.0	0.0	1.9324	42.1892
YKL018W_mRNA	YKL018W	104	1189	609.5	0.5126	6.6	496.5	0.0769	18.0	38.0	0.0192	2.7692	49.4327
YKL019W_mRNA	YKL019W	133	1245	971.0	0.7799	91.2	253.0	0.0	0.0	6.0	0.5414	2.4286	49.9098
YKL020C_mRNA	YKL020C	55	3335	980.0	0.2939	0.0	2229.0	0.0909	0.0	9.0	0.7091	3.4	57.9818
YKL021C_mRNA	YKL021C	114	2514	413.0	0.1643	420.0	814.0	0.0088	0.0	1488.5	0.193	2.4561	46.2895
YKL022C_mRNA	YKL022C	78	3527	415.0	0.1177	139.65	774.0	0.0128	0.0	2599.0	0.2564	1.5769	44.3846
YKL023C-A_mRNA	YKL023C-A	184	989	662.5	0.6699	27.8	312.5	0.0054	0.0	3.0	0.8641	2.163	45.4565
YKL023W_mRNA	YKL023W	29	1127	358.0	0.3177	336.6	756.0	0.0	0.4	1.0	0.8966	1.8621	37.3793
YKL024C_mRNA	YKL024C	191	1000	653.0	0.653	12.0	223.0	0.0209	54.0	59.0	0.0105	2.6859	37.6963
YKL025C_mRNA	YKL025C	83	2142	502.0	0.2344	25.2	1576.0	0.0	0.0	7.0	0.6386	4.5783	55.494
YKL026C_mRNA	YKL026C	78	809	481.0	0.5946	2.55	206.5	0.0769	0.0	16.0	0.3462	1.7821	57.641
YKL027W_mRNA	YKL027W	220	1615	483.0	0.2991	61.0	1117.0	0.0091	0.0	5.0	0.8591	3.8318	53.8864
YKL028W_mRNA	YKL028W	85	1827	398.0	0.2178	1030.0	1403.0	0.0	0.0	26.0	0.1412	1.9647	46.8353
YKL029C_mRNA	YKL029C	265	2250	841.0	0.3738	91.2	1336.0	0.0075	0.0	13.0	0.4792	6.6981	63.1849
YKL031W_mRNA	YKL031W	2	414	368.5	0.8901	0.0	0.0	1.0	10.85	45.5	0.5	214.0	145.0
YKL032C_mRNA	YKL032C	99	2037	589.0	0.2892	6.0	1387.0	0.0606	0.0	7.0	0.5556	2.4444	54.3434
YKL033W-A_mRNA	YKL033W-A	1082	979	719.5	0.7349	42.1	173.5	0.0	15.0	76.0	0.0453	2.6543	45.0555
YKL033W_mRNA	YKL033W	78	3650	650.5	0.1782	649.35	2797.0	0.0	0.0	88.5	0.3333	4.2949	66.1026
YKL034W_mRNA	YKL034W	64	2553	404.0	0.1582	299.6	2074.0	0.0156	5.0	35.0	0.1562	6.2344	41.8906
YKL035W_mRNA	YKL035W	714	1803	607.0	0.3367	72.0	1136.0	0.0014	0.0	10.5	0.5	4.8922	51.0798
YKL036C_mRNA	YKL036C	16	818	261.5	0.3197	470.75	554.0	0.0	0.0	0.0	0.8125	1.125	52.875
YKL038W_mRNA	YKL038W	49	3913	554.0	0.1416	1536.2	3249.0	0.0	1.0	19.0	0.2449	3.8776	47.3878
YKL039W_mRNA	YKL039W	193	2004	827.0	0.4127	24.6	899.0	0.0207	0.0	62.0	0.3005	3.2021	49.5181
YKL040C_mRNA	YKL040C	392	1770	735.5	0.4155	12.0	241.0	0.0408	640.95	684.0	0.0051	6.2321	41.6429
YKL041W_mRNA	YKL041W	16	1113	495.0	0.4447	5.25	27.0	0.125	192.75	259.0	0.0	0.625	29.375
YKL042W_mRNA	YKL042W	39	1485	468.0	0.3152	30.6	942.0	0.0256	13.9	58.0	0.0256	0.7949	40.3077
YKL043W_mRNA	YKL043W	125	1577	575.0	0.3646	131.4	983.0	0.0	0.0	9.0	0.744	2.704	45.76
YKL044W_mRNA	YKL044W	2	695	414.5	0.5964	279.0	279.0	0.0	0.15	1.5	1.0	0.0	41.0
YKL045W_mRNA	YKL045W	121	1798	652.0	0.3626	37.0	1139.0	0.0165	0.0	31.0	0.1983	3.4959	39.0579
YKL046C_mRNA	YKL046C	350	2086	601.5	0.2884	282.45	1452.5	0.0114	0.0	10.0	0.5114	4.3229	49.0543
YKL047W_mRNA	YKL047W	103	1772	426.0	0.2404	21.6	1261.0	0.0097	0.0	66.0	0.3398	4.8058	49.3981
YKL048C_mRNA	YKL048C	33	2189	454.0	0.2074	812.2	1663.0	0.0	0.0	11.0	0.4545	0.8788	37.4242
YKL049C_mRNA	YKL049C	86	881	587.5	0.6669	46.25	249.5	0.0116	0.0	1.0	0.8372	1.2209	45.6512
YKL050C_mRNA	YKL050C	12	3281	786.5	0.2397	1556.85	2446.0	0.0	0.0	1.0	0.6667	0.5833	33.75
YKL051W_mRNA	YKL051W	168	2019	375.5	0.186	119.35	1341.5	0.0119	0.0	20.5	0.4524	3.9702	49.6071
YKL052C_mRNA	YKL052C	19	1354	693.0	0.5118	369.9	642.0	0.0526	0.0	3.0	0.7895	5.5789	43.4211
YKL053C-A_mRNA	YKL053C-A	564	549	424.0	0.7723	10.15	24.0	0.0514	90.0	92.0	0.0035	3.1223	52.1436
YKL054C_mRNA	YKL054C	625	2544	469.0	0.1844	36.0	1995.0	0.0064	0.0	5.0	0.7264	4.7008	57.2432
YKL055C_mRNA	YKL055C	4	1320	705.5	0.5345	93.2	519.5	0.0	5.8	121.5	0.25	0.5	3.5
YKL056C_mRNA	YKL056C	24052	1887	644.0	0.3413	1168.0	1196.0	0.0	0.0	6.0	0.5504	1.8796	59.6652
YKL057C_mRNA	YKL057C	285	3225	594.0	0.1842	557.4	2547.0	0.0105	0.0	9.0	0.5649	3.4316	44.793
YKL058W_mRNA	YKL058W	448	806	536.0	0.665	237.0	259.0	0.0	0.0	1.0	0.8304	1.6228	97.0781
YKL059C_mRNA	YKL059C	27	1516	553.0	0.3648	11.3	840.0	0.0	0.0	20.0	0.2593	2.1481	77.2963
YKR001C_mRNA	YKR001C	329	2324	446.0	0.1919	36.2	1848.0	0.003	0.0	15.0	0.3009	3.3799	50.2097
YKR002W_mRNA	YKR002W	91	2054	438.0	0.2132	95.0	1550.0	0.011	14.0	25.0	0.044	2.2637	39.5055
YKR003W_mRNA	YKR003W	50	1955	614.0	0.3141	221.15	1184.5	0.02	0.0	5.0	0.58	2.26	44.96
YKR004C_mRNA	YKR004C	59	1777	418.0	0.2352	14.3	810.0	0.0508	298.2	526.0	0.0169	3.6441	59.8814
YKR005C_mRNA	YKR005C	20	1578	305.5	0.1936	693.5	1242.5	0.0	0.0	0.0	0.95	2.75	273.0
YKR006C_mRNA	YKR006C	110	943	494.5	0.5244	46.0	423.5	0.0	0.0	9.0	0.6273	1.6091	45.3727
YKR007W_mRNA	YKR007W	87	687	534.0	0.7773	37.3	140.0	0.0	0.0	9.0	0.5287	3.5287	43.2759
YKR008W_mRNA	YKR008W	77	2041	501.0	0.2455	11.0	1473.0	0.013	1.0	27.0	0.2338	3.4286	48.1688
YKR009C_mRNA	YKR009C	93	2903	375.0	0.1292	2312.4	2521.0	0.0	0.0	1.0	0.8602	2.9247	61.1613
YKR010C_mRNA	YKR010C	66	2671	514.0	0.1924	224.0	2139.0	0.0	0.0	6.0	0.5152	1.2727	72.5606
YKR011C_mRNA	YKR011C	169	1317	602.0	0.4571	27.0	681.0	0.0059	0.0	12.0	0.2959	2.4556	53.5503
YKR012C_mRNA	YKR012C	6	1419	416.0	0.2932	166.75	831.5	0.0	18.75	110.5	0.0	0.5	60.0
YKR013W_mRNA	YKR013W	308	1340	464.0	0.3463	10.35	767.5	0.0519	0.0	70.5	0.2955	4.2435	56.1623
YKR014C_mRNA	YKR014C	311	1026	473.0	0.461	12.0	545.0	0.0386	0.0	0.0	0.8907	2.1383	74.1383
YKR015C_mRNA	YKR015C	18	1707	469.0	0.2748	1202.5	1234.5	0.0	0.0	0.0	1.0	1.3889	287.4444
YKR016W_mRNA	YKR016W	255	1949	531.0	0.2724	22.4	1335.0	0.0	4.0	37.0	0.0863	2.8235	36.8549
YKR017C_mRNA	YKR017C	44	2056	696.5	0.3388	114.3	997.0	0.0	0.0	39.0	0.3636	2.4773	55.5227
YKR018C_mRNA	YKR018C	134	2558	469.5	0.1835	158.9	1914.5	0.0	2.0	186.0	0.0896	3.6791	46.1194
YKR019C_mRNA	YKR019C	16	2114	403.0	0.1906	1025.0	1674.5	0.0	0.0	30.5	0.3125	2.0	46.625
YKR020W_mRNA	YKR020W	83	888	530.0	0.5968	42.7	230.0	0.0	97.5	122.0	0.012	2.7349	38.3976
YKR021W_mRNA	YKR021W	114	3098	461.0	0.1488	1330.5	2572.5	0.0	0.0	37.0	0.2895	1.2982	48.0088
YKR022C_mRNA	YKR022C	74	1186	867.5	0.7315	44.65	253.0	0.0	0.0	7.0	0.6486	1.1081	55.8243
YKR023W_mRNA	YKR023W	43	1747	410.0	0.2347	796.3	1328.0	0.0	0.0	9.0	0.6047	1.1395	47.9535
YKR024C_mRNA	YKR024C	99	2401	493.0	0.2053	54.0	1881.0	0.0	0.0	48.0	0.101	2.5455	46.2222
YKR025W_mRNA	YKR025W	52	1046	663.5	0.6343	44.5	309.5	0.0	31.65	37.0	0.0	0.7308	37.25
YKR026C_mRNA	YKR026C	272	1246	673.5	0.5405	22.65	519.0	0.0257	0.0	10.0	0.6949	4.3382	46.5956
YKR027W_mRNA	YKR027W	71	2987	469.0	0.157	5.5	1875.0	0.0704	382.5	402.0	0.0141	10.1127	41.4789
YKR028W_mRNA	YKR028W	80	3619	405.5	0.112	26.15	2960.5	0.05	0.0	4.0	0.55	7.3125	54.0625
YKR029C_mRNA	YKR029C	66	2392	603.0	0.2521	128.25	1738.0	0.0303	0.0	13.0	0.4697	2.5758	43.4545
YKR030W_mRNA	YKR030W	223	1162	686.0	0.5904	186.0	459.0	0.0045	0.0	4.0	0.8161	4.1256	49.7713
YKR031C_mRNA	YKR031C	113	5677	655.0	0.1154	2210.0	4872.0	0.0	0.0	12.0	0.4779	3.0442	56.2832
YKR034W_mRNA	YKR034W	36	810	602.0	0.7432	0.0	193.5	0.2778	0.0	3.0	0.75	25.4167	115.6944
YKR035W-A_mRNA	YKR035W-A	149	834	557.0	0.6679	5.0	178.0	0.094	49.8	61.0	0.0	1.8926	52.6376
YKR036C_mRNA	YKR036C	57	2110	296.0	0.1403	240.6	1779.0	0.0	0.0	31.0	0.1579	1.7719	54.6842
YKR037C_mRNA	YKR037C	94	1115	602.5	0.5404	39.65	473.5	0.0	0.0	16.0	0.4043	3.8085	39.7553
YKR038C_mRNA	YKR038C	75	1356	494.0	0.3643	18.0	709.0	0.0267	16.0	94.0	0.0133	1.3067	33.72
YKR039W_mRNA	YKR039W	937	2129	425.0	0.1996	116.0	1663.0	0.0032	0.0	9.0	0.5155	3.0288	42.2497
YKR040C_mRNA	YKR040C	2	504	207.5	0.4117	178.8	249.0	0.0	26.35	47.5	0.0	0.0	2.0
YKR041W_mRNA	YKR041W	2	1188	787.0	0.6625	50.9	401.0	0.0	0.0	0.0	1.0	0.0	76.0
YKR042W_mRNA	YKR042W	1138	1705	492.0	0.2886	178.0	1190.0	0.0009	0.85	8.0	0.5598	3.9042	54.4569
YKR043C_mRNA	YKR043C	527	1101	508.0	0.4614	9.0	465.0	0.0588	102.0	120.0	0.0	2.3852	39.0361
YKR044W_mRNA	YKR044W	60	2412	476.5	0.1976	800.0	1749.5	0.0	159.0	184.0	0.0	2.4167	44.9
YKR045C_mRNA	YKR045C	20	2126	642.5	0.3022	0.0	369.5	0.15	9.0	1432.0	0.1	5.25	52.6
YKR046C_mRNA	YKR046C	247	1062	777.0	0.7316	38.0	265.0	0.0	1.0	10.0	0.5951	4.3077	46.583
YKR047W_mRNA	YKR047W	31	1295	657.0	0.5073	0.0	396.0	0.2258	187.0	197.0	0.0	18.6452	38.5161
YKR048C_mRNA	YKR048C	128	1442	357.5	0.2479	19.0	1057.0	0.0078	4.0	30.0	0.1094	1.8203	39.7422
YKR049C_mRNA	YKR049C	91	874	445.0	0.5092	403.0	427.0	0.0	0.0	0.0	0.8132	1.7582	58.4945
YKR050W_mRNA	YKR050W	50	3752	484.0	0.129	2139.85	3251.5	0.0	6.0	37.0	0.18	1.52	39.12
YKR051W_mRNA	YKR051W	74	1665	433.0	0.2601	216.3	1167.0	0.0135	0.0	1.0	0.5946	2.7703	52.2027
YKR052C_mRNA	YKR052C	156	1650	561.0	0.34	242.25	1009.5	0.0192	0.0	3.0	0.6026	3.1538	57.3462
YKR053C_mRNA	YKR053C	31	2117	362.0	0.171	177.5	1504.0	0.0	0.0	26.0	0.3871	3.3548	47.9355
YKR054C_mRNA	YKR054C	49	12567	505.0	0.0402	95.2	10620.0	0.0	0.0	184.0	0.3061	3.5714	48.2449
YKR055W_mRNA	YKR055W	68	1320	736.5	0.558	12.7	528.5	0.0147	40.05	86.0	0.0	3.0	43.3971
YKR056W_mRNA	YKR056W	93	2023	587.0	0.2902	158.0	1423.0	0.0	0.0	2.0	0.8387	2.957	46.8817
YKR057W_mRNA	YKR057W	10702	608	455.0	0.7484	19.0	51.0	0.0062	76.0	111.0	0.0001	3.0102	41.8323
YKR058W_mRNA	YKR058W	99	2136	334.0	0.1564	120.9	1755.0	0.0101	0.0	8.0	0.5253	1.2424	43.6465
YKR059W_mRNA	YKR059W	2770	1585	549.0	0.3464	96.0	863.0	0.0004	18.0	176.0	0.0415	2.1924	44.0195
YKR060W_mRNA	YKR060W	75	1193	538.0	0.451	0.0	381.0	0.16	0.0	274.0	0.0933	7.0533	50.4267
YKR061W_mRNA	YKR061W	165	1575	481.0	0.3054	153.2	1003.0	0.0121	0.0	8.0	0.7273	3.9758	50.4182
YKR062W_mRNA	YKR062W	115	1704	536.0	0.3146	12.1	760.0	0.0522	9.1	434.0	0.0609	2.8348	36.9478
YKR063C_mRNA	YKR063C	47	1712	763.0	0.4457	21.0	828.0	0.0213	0.0	61.0	0.234	2.2766	48.3617
YKR064W_mRNA	YKR064W	48	2798	675.5	0.2414	303.85	2006.0	0.0	0.0	58.5	0.4167	1.8542	53.6875
YKR065C_mRNA	YKR065C	287	833	553.0	0.6639	7.0	207.0	0.0557	23.5	88.0	0.007	2.6376	38.9826
YKR066C_mRNA	YKR066C	127	1250	614.0	0.4912	18.3	584.0	0.0236	8.2	37.0	0.0551	1.7323	30.0157
YKR067W_mRNA	YKR067W	107	2537	490.0	0.1931	1054.2	1954.0	0.0	10.0	21.0	0.0748	3.243	39.3271
YKR068C_mRNA	YKR068C	269	938	706.0	0.7527	197.0	219.0	0.0	0.0	1.0	0.7807	5.0669	61.4387
YKR069W_mRNA	YKR069W	44	2015	391.5	0.1943	161.45	1467.5	0.0455	3.0	17.0	0.3636	11.4773	45.0682
YKR070W_mRNA	YKR070W	142	1331	671.0	0.5041	7.0	566.0	0.0775	36.15	79.5	0.0211	3.8451	47.2887
YKR071C_mRNA	YKR071C	790	1441	549.5	0.3813	56.0	802.0	0.0013	64.0	83.0	0.0013	2.0354	45.543
YKR072C_mRNA	YKR072C	39	2096	345.0	0.1646	926.5	1630.0	0.0	0.0	92.0	0.3077	1.2308	42.4615
YKR074W_mRNA	YKR074W	324	684	565.0	0.826	13.15	71.5	0.0154	33.0	44.0	0.0154	2.8056	43.8611
YKR075C_mRNA	YKR075C	67	1239	547.0	0.4415	20.9	488.0	0.0448	0.0	22.0	0.1791	5.0448	47.2388
YKR075W-A_mRNA	YKR075W-A	318	1607	557.0	0.3466	4.0	26.5	0.1887	970.0	1021.0	0.0031	3.7201	43.3208
YKR076W_mRNA	YKR076W	26	1555	525.0	0.3376	68.0	940.5	0.0385	0.0	99.0	0.2692	1.4231	49.1923
YKR077W_mRNA	YKR077W	42	1322	733.0	0.5545	94.8	540.5	0.0	9.05	26.5	0.0952	2.5952	58.1429
YKR078W_mRNA	YKR078W	50	1876	531.0	0.283	39.6	1309.0	0.0	0.0	36.0	0.34	3.12	52.74
YKR079C_mRNA	YKR079C	130	3013	529.0	0.1756	596.65	2380.0	0.0	4.45	53.0	0.1	2.7231	45.0
YKR080W_mRNA	YKR080W	157	1295	568.0	0.4386	48.4	648.0	0.0	0.0	3.0	0.5924	2.7197	48.8854
YKR081C_mRNA	YKR081C	210	1233	529.0	0.429	56.0	640.5	0.0	0.0	43.0	0.081	2.0524	38.4571
YKR082W_mRNA	YKR082W	136	3611	610.0	0.1689	558.5	2932.0	0.0	0.0	4.0	0.5809	4.6691	51.6029
YKR083C_mRNA	YKR083C	48	694	394.0	0.5677	1.4	226.0	0.1458	48.35	85.0	0.0208	1.4792	37.7292
YKR084C_mRNA	YKR084C	179	2036	693.0	0.3404	70.0	1285.0	0.0	0.0	19.0	0.324	1.352	45.9944
YKR085C_mRNA	YKR085C	269	778	640.0	0.8226	14.4	30.0	0.026	56.4	100.0	0.0074	1.539	51.8253
YKR086W_mRNA	YKR086W	45	3343	425.0	0.1271	732.8	2688.0	0.0222	0.2	7.0	0.6222	2.3111	72.0667
YKR087C_mRNA	YKR087C	61	1224	490.0	0.4003	16.0	573.0	0.0328	55.0	58.0	0.0	3.2951	43.4426
YKR088C_mRNA	YKR088C	138	1238	891.5	0.7201	88.7	196.5	0.0145	8.7	58.0	0.058	11.6667	61.7826
YKR089C_mRNA	YKR089C	56	2925	459.0	0.1569	18.25	2048.0	0.0357	0.0	35.5	0.2143	3.0179	43.0714
YKR090W_mRNA	YKR090W	50	2529	595.0	0.2353	222.05	1804.0	0.02	0.9	58.0	0.22	4.3	53.2
YKR091W_mRNA	YKR091W	316	1061	508.5	0.4793	163.0	536.0	0.0	0.0	15.0	0.3133	1.9968	49.0095
YKR092C_mRNA	YKR092C	250	1714	406.0	0.2369	251.4	1288.5	0.0	0.9	7.0	0.78	3.68	45.724
YKR093W_mRNA	YKR093W	702	2212	398.0	0.1799	120.0	1797.5	0.0028	1.0	14.0	0.3604	2.9744	52.3291
YKR094C_mRNA	YKR094C	15748	729	560.0	0.7682	27.0	39.0	0.0145	111.0	122.0	0.0006	2.4615	40.8712
YKR095W-A_mRNA	YKR095W-A	139	529	369.0	0.6975	98.0	138.0	0.0	1.0	2.0	0.6259	4.4532	34.3022
YKR095W_mRNA	YKR095W	83	6117	324.0	0.053	842.0	5745.0	0.0	0.1	24.0	0.3253	2.2048	38.6867
YKR096W_mRNA	YKR096W	49	3982	873.0	0.2192	524.2	2804.0	0.0	11.0	17.0	0.0408	3.0204	49.6122
YKR097W_mRNA	YKR097W	16	2015	514.0	0.2551	1075.0	1493.5	0.0	0.0	1.0	0.875	0.9375	53.625
YKR098C_mRNA	YKR098C	75	2397	485.0	0.2023	8.2	1819.0	0.0667	0.0	48.0	0.1867	2.72	54.24
YKR099W_mRNA	YKR099W	44	2834	480.0	0.1694	137.85	2304.5	0.0227	1.0	13.0	0.1136	1.7955	45.7727
YKR100C_mRNA	YKR100C	218	1878	514.0	0.2737	8.85	995.0	0.055	0.0	392.0	0.1881	3.0275	43.0917
YKR101W_mRNA	YKR101W	36	2490	500.0	0.2008	292.0	1630.0	0.0	0.75	10.0	0.5278	6.9444	60.8056
YKR102W_mRNA	YKR102W	13	4193	355.0	0.0847	5.4	3645.0	0.1538	2.0	31.0	0.3846	28.3846	54.4615
YKR103W_mRNA	YKR103W	49	4220	656.0	0.1555	0.0	83.0	0.4694	2215.2	3265.0	0.0	349.2245	42.1837
YKR104W_mRNA	YKR104W	14	2097	413.5	0.1972	2.3	1348.0	0.2143	0.65	44.5	0.4286	12.7143	58.0714
YKR105C_mRNA	YKR105C	3	1749	193.0	0.1103	1060.9	1555.0	0.0	0.0	0.0	1.0	1.0	175.6667
YKR106W_mRNA	YKR106W	10	2716	308.5	0.1136	1219.3	2308.5	0.0	0.0	0.5	0.6	2.1	221.4
YLL023C_mRNA	YLL023C	151	1081	489.0	0.4524	22.0	529.0	0.0066	35.0	56.0	0.0066	2.7483	42.5364
YLL024C_mRNA	YLL024C	4711	2321	604.0	0.2602	33.0	1488.0	0.0025	191.0	210.0	0.003	2.3638	40.3895
YLL025W_mRNA	YLL025W	9	645	292.0	0.4527	27.8	312.0	0.0	41.0	41.0	0.0	5.1111	34.5556
YLL026W_mRNA	YLL026W	4135	3005	631.0	0.21	258.4	2332.0	0.0	6.0	11.0	0.325	2.3067	48.2825
YLL027W_mRNA	YLL027W	79	1211	515.0	0.4253	139.0	561.0	0.0127	1.0	25.0	0.3291	3.0759	42.9873
YLL028W_mRNA	YLL028W	171	2470	491.0	0.1988	164.5	1896.0	0.0058	0.5	10.0	0.5439	3.4444	41.5146
YLL029W_mRNA	YLL029W	205	2513	586.0	0.2332	63.4	1890.0	0.0049	0.0	10.0	0.5366	3.2146	45.8488
YLL031C_mRNA	YLL031C	115	3233	387.0	0.1197	1198.7	2821.0	0.0	0.0	2.0	0.8348	3.2087	51.487
YLL032C_mRNA	YLL032C	29	2913	898.0	0.3083	3.0	1805.0	0.1034	0.0	49.0	0.1724	1.6552	49.3448
YLL033W_mRNA	YLL033W	23	1279	607.0	0.4746	20.1	257.0	0.0435	6.4	426.0	0.1304	14.0	36.7391
YLL034C_mRNA	YLL034C	110	2709	556.5	0.2054	394.45	2097.0	0.0	3.0	38.0	0.3545	3.5636	43.0636
YLL035W_mRNA	YLL035W	56	2212	436.5	0.1973	106.0	1719.5	0.0179	0.0	17.5	0.4286	2.0357	42.8393
YLL036C_mRNA	YLL036C	103	1632	456.0	0.2794	20.3	1150.0	0.0097	3.0	21.0	0.2816	2.0583	49.4369
YLL038C_mRNA	YLL038C	2	1323	927.5	0.7011	343.65	385.5	0.0	4.6	10.0	0.5	0.5	9.0
YLL039C_mRNA	YLL039C	1370	2165	598.0	0.2762	809.0	1519.5	0.0007	0.0	0.0	0.6628	2.9971	43.7547
YLL040C_mRNA	YLL040C	91	9617	375.0	0.039	806.0	8869.0	0.011	5.5	10.0	0.5275	2.7473	42.5275
YLL041C_mRNA	YLL041C	217	1260	703.0	0.5579	35.0	394.0	0.0	0.0	9.0	0.5115	2.6959	53.4147
YLL042C_mRNA	YLL042C	24	557	488.0	0.8761	0.0	12.0	0.4583	0.0	0.0	0.6667	8.7083	74.7917
YLL043W_mRNA	YLL043W	117	2216	387.0	0.1746	2.0	1788.0	0.0598	0.0	28.0	0.3932	4.4188	51.0342
YLL045C_mRNA	YLL045C	4957	1094	651.0	0.5951	39.0	251.0	0.004	158.0	194.0	0.0004	1.5102	38.7037
YLL046C_mRNA	YLL046C	1	750	651.0	0.868	99.0	99.0	0.0	0.0	0.0	1.0	1.0	281.0
YLL048C_mRNA	YLL048C	467	5649	568.0	0.1005	385.5	4936.0	0.0171	0.0	10.0	0.5011	3.1777	59.6017
YLL049W_mRNA	YLL049W	118	641	572.0	0.8924	1.0	25.0	0.2288	0.0	4.0	0.6102	2.5678	52.1271
YLL050C_mRNA	YLL050C	2359	630	553.0	0.8778	19.0	29.0	0.0047	27.0	47.0	0.0013	5.5409	41.5256
YLL051C_mRNA	YLL051C	59	2139	597.0	0.2791	0.0	1118.0	0.1356	0.0	0.0	0.7797	8.7966	167.5254
YLL052C_mRNA	YLL052C	86	1906	642.5	0.3371	0.0	943.0	0.2907	0.0	6.0	0.6047	24.7093	49.1977
YLL053C_mRNA	YLL053C	95	1521	652.0	0.4287	417.0	721.0	0.0	115.8	130.0	0.0	2.4316	46.7474
YLL054C_mRNA	YLL054C	69	2943	599.0	0.2035	31.0	2002.0	0.0435	0.0	14.0	0.4203	3.4203	41.2029
YLL055W_mRNA	YLL055W	170	2156	470.0	0.218	392.85	1660.5	0.0118	0.0	1.0	0.8118	7.2059	49.5412
YLL056C_mRNA	YLL056C	17	2249	612.0	0.2721	900.6	1494.0	0.0	0.0	3.0	0.7059	1.7647	50.5294
YLL057C_mRNA	YLL057C	11	1239	281.0	0.2268	285.5	958.0	0.0909	0.0	0.0	1.0	7.1818	191.1818
YLL058W_mRNA	YLL058W	60	2004	488.5	0.2438	111.75	1511.5	0.0167	0.0	5.0	0.8667	17.1667	25.9167
YLL059C_mRNA	YLL059C	1	507	140.0	0.2761	0.0	0.0	1.0	367.0	367.0	0.0	155.0	95.0
YLL060C_mRNA	YLL060C	117	1779	563.0	0.3165	159.2	1103.0	0.0171	0.0	2.0	0.8291	4.7521	52.265
YLL061W_mRNA	YLL061W	42	1970	405.0	0.2056	17.3	1495.0	0.0238	0.0	73.0	0.2381	2.119	47.6905
YLL062C_mRNA	YLL062C	22	1230	774.0	0.6293	84.7	376.0	0.0	11.0	35.0	0.0455	3.3182	44.3636
YLL063C_mRNA	YLL063C	12	2003	298.0	0.1488	268.3	1644.0	0.0	0.0	18.0	0.4167	0.5	48.0
YLL066C_mRNA	YLL066C	41	4557	520.0	0.1141	12.0	3866.0	0.0488	0.0	8.0	0.5366	3.7561	35.4146
YLL067C_mRNA	YLL067C	11	4645	642.0	0.1382	1057.5	2843.0	0.0	409.0	464.0	0.0	2.5455	36.4545
YLL001W_mRNA	YLL001W	123	2570	493.0	0.1918	38.5	1887.0	0.0081	44.0	201.0	0.0	4.3089	44.4797
YLL002W_mRNA	YLL002W	63	1443	626.0	0.4338	43.0	810.0	0.0159	0.0	7.0	0.8413	3.873	49.4127
YLL003W_mRNA	YLL003W	45	2994	466.0	0.1556	885.4	2432.0	0.0	2.0	43.0	0.2	4.7111	39.1556
YLL004W_mRNA	YLL004W	56	1961	579.5	0.2955	21.5	1197.0	0.0179	0.0	20.0	0.2857	0.8393	51.3929
YLL006W_mRNA	YLL006W	53	2942	631.0	0.2145	4.2	898.0	0.0755	2.6	1597.0	0.1321	2.3208	43.3396
YLL007C_mRNA	YLL007C	45	2369	607.0	0.2562	20.4	1380.0	0.0222	78.8	166.0	0.0222	2.1111	58.2222
YLL008W_mRNA	YLL008W	191	2421	490.0	0.2024	603.0	1889.0	0.0	1.0	9.0	0.5183	1.8063	50.7592
YLL009C_mRNA	YLL009C	344	452	342.0	0.7566	31.15	53.0	0.0	44.0	53.5	0.0087	1.6948	37.6337
YLL010C_mRNA	YLL010C	31	1863	442.0	0.2373	2.0	1251.0	0.0968	5.5	113.0	0.0968	1.9032	41.1613
YLL011W_mRNA	YLL011W	76	1605	614.5	0.3829	2.0	964.5	0.0789	13.0	41.0	0.0263	1.1711	40.3289
YLL012W_mRNA	YLL012W	74	1913	517.5	0.2705	43.0	1153.5	0.0135	9.65	22.0	0.0676	1.9189	30.973
YLL013C_mRNA	YLL013C	30	3467	419.5	0.121	411.8	2905.5	0.0	0.0	19.0	0.3667	3.2667	81.2
YLL014W_mRNA	YLL014W	511	689	417.0	0.6052	9.0	13.0	0.2485	188.0	259.0	0.002	3.1957	42.4736
YLL015W_mRNA	YLL015W	256	4958	556.0	0.1121	2452.25	4354.5	0.0	1.0	6.0	0.5703	1.7266	52.0312
YLL018C-A_mRNA	YLL018C-A	32	1668	713.5	0.4278	16.0	176.0	0.0312	683.85	719.0	0.0	2.3125	39.0
YLL018C_mRNA	YLL018C	713	2105	637.0	0.3026	76.0	1243.0	0.0	140.6	219.0	0.0056	2.5245	44.4222
YLL019C_mRNA	YLL019C	34	3273	426.5	0.1303	236.8	1189.5	0.0	0.0	707.0	0.3529	2.7941	42.0882
YLL020C_mRNA	YLL020C	27	1249	381.0	0.305	370.6	824.0	0.0	0.3	33.0	0.4074	4.3333	80.6296
YLL021W_mRNA	YLL021W	60	4672	415.0	0.0888	2912.85	4226.5	0.0	1.0	31.5	0.2	1.8	40.9667
YLL022C_mRNA	YLL022C	39	1325	599.0	0.4521	48.1	644.0	0.0	29.0	78.0	0.0	2.359	46.3077
YLR001C_mRNA	YLR001C	64	2762	514.5	0.1863	281.95	2089.0	0.0156	3.0	71.0	0.1094	3.0625	40.1406
YLR002C_mRNA	YLR002C	245	2164	468.0	0.2163	235.2	1646.0	0.0	0.0	48.0	0.2653	2.1469	44.5388
YLR003C_mRNA	YLR003C	338	1054	538.0	0.5104	41.0	459.5	0.0	5.0	45.0	0.0533	2.003	51.3047
YLR004C_mRNA	YLR004C	20	1697	410.5	0.2419	14.25	1217.5	0.05	0.0	0.0	0.75	17.35	46.7
YLR005W_mRNA	YLR005W	84	1713	555.0	0.324	14.3	1002.5	0.0357	65.15	156.5	0.0119	4.4762	47.2738
YLR006C_mRNA	YLR006C	84	2400	422.5	0.176	25.7	1910.0	0.0595	0.0	3.5	0.6548	1.5	45.1548
YLR007W_mRNA	YLR007W	153	1183	824.0	0.6965	2.0	273.0	0.1765	82.0	101.0	0.0261	3.8366	44.5948
YLR008C_mRNA	YLR008C	383	935	662.0	0.708	2.2	175.0	0.1175	49.2	124.0	0.0	1.9034	50.6789
YLR009W_mRNA	YLR009W	122	923	349.0	0.3781	54.05	557.5	0.0	0.0	5.0	0.7869	1.3197	34.7869
YLR010C_mRNA	YLR010C	55	697	491.0	0.7044	11.0	168.0	0.0364	11.8	66.0	0.0545	3.4364	45.9273
YLR011W_mRNA	YLR011W	60	1074	390.0	0.3631	182.65	636.0	0.0	0.0	1.0	0.65	1.8	58.4
YLR012C_mRNA	YLR012C	2	651	160.5	0.2465	100.6	232.0	0.0	140.15	258.5	0.0	1.0	40.0
YLR014C_mRNA	YLR014C	37	3030	523.0	0.1726	961.8	2432.0	0.0	0.0	0.0	0.7297	2.6486	51.8919
YLR015W_mRNA	YLR015W	65	1972	719.0	0.3646	372.2	1018.0	0.0	187.0	227.0	0.0154	1.8	38.6
YLR016C_mRNA	YLR016C	59	986	653.0	0.6623	23.9	93.0	0.0	1.0	264.0	0.1525	1.9322	45.8305
YLR017W_mRNA	YLR017W	261	1443	513.0	0.3555	346.0	915.0	0.0	1.0	5.0	0.5824	1.6782	48.6705
YLR018C_mRNA	YLR018C	133	1116	576.0	0.5161	36.6	518.0	0.015	10.0	31.0	0.0752	3.4962	40.2256
YLR019W_mRNA	YLR019W	101	1753	498.0	0.2841	449.0	1183.0	0.0	0.0	11.0	0.4851	2.4554	52.4653
YLR020C_mRNA	YLR020C	147	1843	491.0	0.2664	27.0	1335.0	0.0068	0.0	4.0	0.7551	2.1224	41.9932
YLR021W_mRNA	YLR021W	139	1054	595.0	0.5645	7.7	29.0	0.0647	345.0	428.0	0.0072	4.2302	41.6043
YLR022C_mRNA	YLR022C	268	1080	779.0	0.7213	24.7	59.0	0.0224	220.0	223.0	0.0	3.2052	39.25
YLR023C_mRNA	YLR023C	218	2476	474.0	0.1914	201.85	1879.0	0.0092	0.0	58.0	0.2294	3.5275	52.3532
YLR024C_mRNA	YLR024C	21	5869	677.0	0.1154	0.0	3044.0	0.0952	0.0	1550.0	0.1429	2.8095	98.2381
YLR025W_mRNA	YLR025W	99	1085	480.0	0.4424	15.0	450.0	0.0202	94.0	162.0	0.0404	8.6768	33.8586
YLR026C_mRNA	YLR026C	68	1360	402.5	0.296	2.0	813.0	0.1324	52.0	124.0	0.0441	1.1176	44.75
YLR027C_mRNA	YLR027C	490	1632	511.5	0.3134	14.0	831.5	0.0102	265.0	276.0	0.0	1.8367	37.8857
YLR028C_mRNA	YLR028C	326	2126	452.0	0.2126	91.25	1615.0	0.0031	5.25	53.0	0.0583	3.0644	40.2822
YLR029C_mRNA	YLR029C	8892	1033	724.0	0.7009	28.0	37.0	0.0088	241.0	252.0	0.0003	1.8618	40.3602
YLR030W_mRNA	YLR030W	22	1586	671.0	0.4231	298.1	879.0	0.0	0.0	3.0	0.7273	1.1818	51.9091
YLR032W_mRNA	YLR032W	57	3748	492.0	0.1313	1799.6	3254.0	0.0	0.0	13.0	0.3509	3.7895	43.9825
YLR033W_mRNA	YLR033W	159	1820	686.0	0.3769	69.6	1084.0	0.0	0.0	7.0	0.6667	3.4654	37.1447
YLR034C_mRNA	YLR034C	130	2741	553.5	0.2019	695.8	1673.5	0.0	246.0	270.5	0.0	2.4769	54.0538
YLR035C-A_mRNA	YLR035C-A	461	3468	471.0	0.1358	1416.0	2915.0	0.0	0.0	0.0	0.8915	2.2039	323.3362
YLR035C_mRNA	YLR035C	16	2475	1144.0	0.4622	15.75	1154.0	0.0	7.5	103.0	0.125	11.5	60.5
YLR036C_mRNA	YLR036C	129	1089	651.0	0.5978	222.4	338.0	0.0	0.0	4.0	0.5736	3.5116	61.1473
YLR037C_mRNA	YLR037C	22	2048	490.0	0.2393	244.45	1271.5	0.0	0.0	4.5	0.5455	1.0909	45.0455
YLR038C_mRNA	YLR038C	1246	937	441.0	0.4707	457.0	488.0	0.0016	0.0	0.0	0.7456	1.8323	119.1926
YLR039C_mRNA	YLR039C	56	3400	529.5	0.1557	495.25	2762.5	0.0	0.0	6.0	0.7857	2.5357	46.2679
YLR040C_mRNA	YLR040C	628	1112	654.5	0.5886	230.0	434.5	0.0	0.0	9.0	0.7134	3.0032	51.0398
YLR041W_mRNA	YLR041W	71	1739	473.0	0.272	1069.5	1208.0	0.0	9.5	54.0	0.0986	1.493	39.5915
YLR042C_mRNA	YLR042C	19	1458	371.0	0.2545	254.6	851.0	0.0	6.4	9.0	0.5789	1.9474	57.1579
YLR043C_mRNA	YLR043C	1622	679	417.0	0.6141	0.0	13.0	0.4636	229.0	249.0	0.0006	5.1449	50.7719
YLR044C_mRNA	YLR044C	29591	1978	489.0	0.2472	188.0	1473.0	0.0	0.0	0.0	0.9263	2.8605	46.4614
YLR045C_mRNA	YLR045C	41	3170	410.0	0.1293	1108.0	2707.0	0.0	0.0	117.0	0.0976	2.6341	25.7317
YLR046C_mRNA	YLR046C	56	3028	513.5	0.1696	1464.25	2451.5	0.0	0.0	7.5	0.5536	1.1786	48.2321
YLR047C_mRNA	YLR047C	7	2828	532.0	0.1881	19.5	1449.0	0.0	79.8	339.0	0.0	4.1429	41.0
YLR048W_mRNA	YLR048W	1485	1307	517.0	0.3956	270.0	741.0	0.0	0.0	16.0	0.3973	2.5865	41.3616
YLR049C_mRNA	YLR049C	99	1604	514.0	0.3204	121.8	1053.0	0.0	0.0	0.0	0.7576	2.2525	44.3636
YLR050C_mRNA	YLR050C	104	789	391.0	0.4956	124.25	392.5	0.0096	0.0	4.0	0.7212	11.875	46.7308
YLR051C_mRNA	YLR051C	209	838	695.0	0.8294	23.0	99.0	0.0239	17.4	43.0	0.0	2.9952	37.7943
YLR052W_mRNA	YLR052W	132	1486	506.0	0.3405	35.0	467.0	0.0076	0.0	564.0	0.1288	2.8864	46.4394
YLR054C_mRNA	YLR054C	151	2410	637.0	0.2643	1480.0	1772.0	0.0	0.0	0.0	0.8808	4.6424	45.6093
YLR055C_mRNA	YLR055C	33	1891	473.0	0.2501	1100.6	1409.0	0.0	0.0	5.0	0.7576	2.6061	36.8182
YLR056W_mRNA	YLR056W	718	1437	557.5	0.388	147.0	846.5	0.0014	0.0	3.0	0.8593	2.7256	54.266
YLR057W_mRNA	YLR057W	108	2728	456.5	0.1673	1503.9	2247.5	0.0093	0.0	19.0	0.1481	1.4722	40.3704
YLR058C_mRNA	YLR058C	312	1710	525.5	0.3073	120.2	1160.0	0.0	0.0	7.0	0.8013	2.4776	48.0449
YLR059C_mRNA	YLR059C	110	1254	668.0	0.5327	255.45	575.0	0.0	0.0	0.0	0.8455	4.0636	53.7273
YLR060W_mRNA	YLR060W	743	1998	490.0	0.2452	34.1	1455.0	0.004	41.0	52.0	0.0323	3.0686	47.9179
YLR061W_mRNA	YLR061W	5042	555	454.0	0.818	61.05	78.0	0.0002	2.0	15.0	0.4314	3.4954	36.3576
YLR064W_mRNA	YLR064W	268	2133	898.0	0.421	784.6	1222.0	0.0037	0.0	2.0	0.6866	2.2873	59.5
YLR065C_mRNA	YLR065C	588	1381	661.0	0.4786	17.35	41.0	0.0187	661.0	666.0	0.0	2.1139	44.5289
YLR066W_mRNA	YLR066W	467	915	521.0	0.5694	37.3	217.0	0.0107	128.0	190.0	0.0043	2.4283	42.4261
YLR067C_mRNA	YLR067C	46	3067	485.5	0.1583	138.75	2430.5	0.0435	0.0	5.0	0.5652	2.6304	44.5217
YLR068W_mRNA	YLR068W	21	640	410.0	0.6406	58.0	229.0	0.0	0.0	0.0	0.9524	1.4286	56.4286
YLR069C_mRNA	YLR069C	140	2495	400.5	0.1605	52.0	1936.5	0.0	0.0	10.0	0.5071	3.1143	42.9071
YLR070C_mRNA	YLR070C	40	2079	353.5	0.17	44.4	567.0	0.0	0.0	1203.0	0.2	1.9	39.675
YLR071C_mRNA	YLR071C	57	3417	823.0	0.2409	13.0	2268.0	0.0526	1.6	16.0	0.4737	1.4737	48.0
YLR072W_mRNA	YLR072W	16	2213	458.5	0.2072	654.0	1512.0	0.0	3.75	7.0	0.75	2.1875	48.8125
YLR073C_mRNA	YLR073C	30	972	692.5	0.7124	2.45	73.5	0.1667	172.9	177.0	0.0	17.7667	75.1333
YLR074C_mRNA	YLR074C	155	902	578.0	0.6408	286.0	321.0	0.0129	0.0	0.0	0.9097	2.0258	71.7161
YLR075W_mRNA	YLR075W	18359	1115	784.0	0.7031	294.0	306.0	0.0001	0.0	20.0	0.2821	2.4401	39.1813
YLR077W_mRNA	YLR077W	80	2056	572.0	0.2782	348.1	1430.5	0.0	0.0	17.0	0.2125	1.7125	44.95
YLR078C_mRNA	YLR078C	296	1545	611.5	0.3958	662.0	898.5	0.0	0.0	12.0	0.3514	3.8142	53.7804
YLR079W_mRNA	YLR079W	40	1072	359.0	0.3349	18.0	635.5	0.0	11.0	21.0	0.025	2.1	34.875
YLR080W_mRNA	YLR080W	38	1432	499.0	0.3485	95.5	910.5	0.0	0.0	4.0	0.7368	0.7632	49.7895
YLR081W_mRNA	YLR081W	6	1873	402.0	0.2146	1292.5	1471.0	0.0	0.0	0.5	1.0	3.6667	160.5
YLR082C_mRNA	YLR082C	76	1616	525.0	0.3249	55.25	1078.5	0.0	0.0	3.5	0.75	1.9605	42.2763
YLR083C_mRNA	YLR083C	330	2410	396.5	0.1645	148.7	1937.5	0.0	0.45	72.0	0.0788	5.0909	47.7939
YLR084C_mRNA	YLR084C	86	3900	481.5	0.1235	162.75	3029.5	0.0233	0.0	29.0	0.2442	3.7907	48.9535
YLR085C_mRNA	YLR085C	69	1506	447.0	0.2968	27.4	1004.0	0.0145	29.0	63.0	0.029	4.3043	37.7101
YLR086W_mRNA	YLR086W	54	4637	429.5	0.0926	3306.85	4021.5	0.0	0.65	125.0	0.2222	3.4444	43.8148
YLR087C_mRNA	YLR087C	67	9385	607.0	0.0647	4135.7	8696.0	0.0	0.0	43.0	0.2836	2.6716	48.4627
YLR088W_mRNA	YLR088W	118	2184	552.5	0.253	141.0	1604.0	0.0	0.0	6.0	0.6102	3.5508	63.4153
YLR089C_mRNA	YLR089C	332	2290	539.0	0.2354	38.65	1577.0	0.012	9.0	133.0	0.0633	3.1657	40.2169
YLR090W_mRNA	YLR090W	45	1569	655.0	0.4175	54.0	868.0	0.0	0.0	1.0	0.8	3.2444	39.1556
YLR091W_mRNA	YLR091W	39	1383	393.0	0.2842	117.2	859.0	0.0	0.0	87.0	0.1538	2.9231	50.2821
YLR092W_mRNA	YLR092W	30	2952	414.5	0.1404	4.35	2374.0	0.1333	1.35	29.5	0.3667	12.3333	41.2667
YLR093C_mRNA	YLR093C	267	1107	702.0	0.6341	3.9	306.0	0.0674	37.0	65.0	0.0075	6.7678	44.2247
YLR094C_mRNA	YLR094C	50	1710	806.0	0.4713	59.0	855.5	0.0	0.0	8.0	0.64	1.86	47.4
YLR095C_mRNA	YLR095C	47	2540	666.0	0.2622	36.0	1782.0	0.0	0.0	9.0	0.7021	2.1277	43.617
YLR096W_mRNA	YLR096W	109	3767	547.0	0.1452	1330.2	3194.0	0.0	1.0	13.0	0.367	3.3578	60.8899
YLR097C_mRNA	YLR097C	111	1317	481.0	0.3652	51.0	740.0	0.0	15.0	59.0	0.027	1.3964	41.2162
YLR098C_mRNA	YLR098C	70	2292	510.5	0.2227	205.15	1765.5	0.0286	0.0	7.0	0.6143	2.7429	32.4286
YLR099C_mRNA	YLR099C	95	1407	432.0	0.307	94.9	939.0	0.0	0.0	19.0	0.3684	5.4	47.0
YLR099W-A_mRNA	YLR099W-A	138	1959	333.5	0.1702	1610.0	1622.0	0.0072	0.0	3.5	0.9783	1.8043	34.4928
YLR100W_mRNA	YLR100W	494	1282	1011.0	0.7886	10.0	103.0	0.0749	93.0	129.0	0.0061	2.8381	46.5061
YLR101C_mRNA	YLR101C	21	1209	400.0	0.3309	7.0	540.0	0.0952	245.0	265.0	0.0	2.4286	42.8571
YLR102C_mRNA	YLR102C	10	988	545.5	0.5521	41.45	436.0	0.0	2.0	9.5	0.5	1.7	53.1
YLR103C_mRNA	YLR103C	54	2123	588.0	0.277	559.3	1474.5	0.0	0.0	7.5	0.5926	1.3889	47.7593
YLR104W_mRNA	YLR104W	169	875	455.0	0.52	385.0	410.0	0.0118	0.0	6.0	0.858	3.5917	48.5976
YLR105C_mRNA	YLR105C	104	1386	544.0	0.3925	105.8	757.0	0.0481	0.0	2.0	0.7788	6.2981	32.25
YLR106C_mRNA	YLR106C	533	14931	486.0	0.0325	3793.8	14317.0	0.0075	11.0	21.0	0.0281	2.6867	51.167
YLR107W_mRNA	YLR107W	184	1379	684.0	0.496	44.3	599.5	0.0109	0.0	5.5	0.7065	2.1304	54.9837
YLR108C_mRNA	YLR108C	147	1673	557.0	0.3329	119.4	1113.0	0.0204	0.0	2.0	0.6735	5.2925	54.0272
YLR109W_mRNA	YLR109W	1940	1546	591.0	0.3823	144.0	171.0	0.0036	759.0	770.0	0.0	2.132	47.9263
YLR110C_mRNA	YLR110C	9730	1404	499.0	0.3554	15.0	19.0	0.0026	820.0	865.0	0.0	3.4251	56.4663
YLR112W_mRNA	YLR112W	64	1333	313.0	0.2348	411.0	938.5	0.0156	10.15	79.0	0.0625	1.8281	36.4219
YLR113W_mRNA	YLR113W	304	1902	492.0	0.2587	98.5	956.0	0.0197	1.0	10.0	0.5164	3.2467	45.6316
YLR114C_mRNA	YLR114C	137	2815	432.0	0.1535	1877.6	2260.0	0.0	0.0	42.0	0.2117	1.9781	49.0876
YLR115W_mRNA	YLR115W	58	3716	608.0	0.1636	989.7	2972.5	0.0	0.0	11.0	0.4483	1.8966	49.8103
YLR116W_mRNA	YLR116W	73	2690	426.0	0.1584	76.0	853.0	0.0137	246.0	390.0	0.0411	2.4247	52.7671
YLR117C_mRNA	YLR117C	49	2300	545.0	0.237	118.6	1743.0	0.0	0.0	21.0	0.2449	0.7347	42.4286
YLR118C_mRNA	YLR118C	169	1194	481.0	0.4028	356.8	702.0	0.0059	0.0	1.0	0.6746	1.8462	42.426
YLR119W_mRNA	YLR119W	83	1059	534.0	0.5042	343.1	484.0	0.012	0.0	1.0	0.8193	1.8072	45.2771
YLR120C_mRNA	YLR120C	264	2500	389.5	0.1558	98.7	1739.0	0.0227	2.15	69.0	0.0568	3.0644	50.1098
YLR120W-A_mRNA	YLR120W-A	4	622	138.0	0.2219	74.1	428.5	0.0	51.45	59.0	0.0	1.0	36.0
YLR121C_mRNA	YLR121C	178	2167	657.5	0.3034	480.1	1399.0	0.0	0.0	16.5	0.4663	6.2191	48.1292
YLR122C_mRNA	YLR122C	21	1836	580.0	0.3159	441.0	897.0	0.0	0.0	6.0	0.5238	1.619	74.9048
YLR123C_mRNA	YLR123C	1	959	561.0	0.585	290.0	290.0	0.0	108.0	108.0	0.0	1.0	81.0
YLR125W_mRNA	YLR125W	27	2299	752.0	0.3271	556.7	1400.0	0.037	0.9	22.0	0.2593	19.1852	82.6296
YLR126C_mRNA	YLR126C	39	1612	414.0	0.2568	195.7	582.0	0.0	0.0	166.0	0.2308	1.5385	24.8205
YLR127C_mRNA	YLR127C	41	2837	1044.0	0.368	26.0	1697.0	0.0244	0.0	9.0	0.5854	2.5122	53.2927
YLR128W_mRNA	YLR128W	17	1424	1053.0	0.7395	344.4	368.0	0.0	0.0	1.0	0.8824	3.0	44.3529
YLR129W_mRNA	YLR129W	260	3752	531.5	0.1417	790.0	3151.0	0.0	0.0	9.5	0.5077	3.6538	45.7
YLR130C_mRNA	YLR130C	240	1707	485.0	0.2841	77.85	1036.0	0.0083	1.0	183.0	0.0917	2.6917	46.575
YLR131C_mRNA	YLR131C	22	2654	607.5	0.2289	747.85	1979.0	0.0	0.0	3.0	0.7273	1.3636	27.8182
YLR132C_mRNA	YLR132C	54	1396	618.0	0.4427	39.9	654.0	0.0	0.0	100.0	0.1111	2.6852	51.463
YLR133W_mRNA	YLR133W	102	2362	514.5	0.2178	13.5	1547.0	0.049	3.0	165.5	0.0686	6.0294	50.9118
YLR134W_mRNA	YLR134W	44	1895	459.5	0.2425	3.6	1431.5	0.0909	0.3	4.0	0.9773	44.6136	48.9545
YLR135W_mRNA	YLR135W	30	2463	501.5	0.2036	15.6	1925.0	0.0333	0.0	22.0	0.2333	2.4	59.9333
YLR136C_mRNA	YLR136C	16	1209	457.5	0.3784	324.0	739.0	0.0	0.75	10.0	0.5625	1.3125	40.875
YLR137W_mRNA	YLR137W	31	1395	538.0	0.3857	86.5	565.0	0.0	215.5	227.0	0.0	3.0645	52.3226
YLR138W_mRNA	YLR138W	88	3181	371.0	0.1166	327.55	2765.5	0.0227	7.0	13.0	0.4205	3.0795	40.1591
YLR139C_mRNA	YLR139C	29	2514	518.0	0.206	5.2	1774.0	0.1034	2.4	15.0	0.2069	7.6897	28.7931
YLR141W_mRNA	YLR141W	19	1553	556.0	0.358	363.9	981.0	0.0	4.5	14.0	0.2105	21.4211	51.8421
YLR142W_mRNA	YLR142W	146	2491	527.5	0.2118	324.75	1823.5	0.0068	1.0	6.0	0.6986	1.9247	43.0205
YLR143W_mRNA	YLR143W	88	2299	643.5	0.2799	6.8	1426.0	0.0568	0.0	108.0	0.2841	2.1932	55.5568
YLR144C_mRNA	YLR144C	99	2466	595.0	0.2413	273.3	1831.0	0.0	0.0	5.0	0.7374	2.0101	61.9293
YLR145W_mRNA	YLR145W	37	1040	593.0	0.5702	300.2	401.0	0.0	0.0	2.0	0.9189	0.4865	48.0
YLR146C_mRNA	YLR146C	209	1215	449.0	0.3695	194.0	761.0	0.0	0.0	4.0	0.9187	2.3206	48.5407
YLR146W-A_mRNA	YLR146W-A	307	475	257.0	0.5411	1.0	66.0	0.0879	127.9	147.0	0.0	4.4625	45.8697
YLR147C_mRNA	YLR147C	153	561	418.0	0.7451	4.0	24.0	0.1176	100.0	115.0	0.0	2.4706	35.6275
YLR148W_mRNA	YLR148W	121	3360	632.0	0.1881	475.0	2635.0	0.0083	2.0	31.0	0.0579	2.0661	45.1488
YLR149C_mRNA	YLR149C	36	2449	407.0	0.1662	70.5	2031.5	0.0556	0.0	8.0	0.6389	1.8611	40.8056
YLR150W_mRNA	YLR150W	5204	1285	514.0	0.4	198.0	725.0	0.0	1.0	15.0	0.372	2.1993	48.9716
YLR151C_mRNA	YLR151C	21	1460	311.0	0.213	66.0	1065.0	0.0	0.0	16.0	0.2381	3.5238	30.619
YLR152C_mRNA	YLR152C	103	2221	393.0	0.1769	68.6	1730.0	0.0291	2.0	2.0	0.6893	1.4466	54.8738
YLR153C_mRNA	YLR153C	1292	2428	495.5	0.2041	102.0	1902.5	0.0008	0.0	5.0	0.692	2.6161	45.1014
YLR154C-G_mRNA	YLR154C-G	316	150	150.0	1.0	0.0	0.0	0.8861	0.0	0.0	0.9051	177.5032	325.6899
YLR154C-H_mRNA	YLR154C-H	77	850	202.0	0.2376	152.2	595.0	0.0	0.0	66.0	0.3636	16.2597	127.2468
YLR154C_mRNA	YLR154C	49	785	436.0	0.5554	2.4	48.0	0.0816	246.4	297.0	0.0408	3.1837	44.3469
YLR154W-C_mRNA	YLR154W-C	61	1861	368.0	0.1977	0.0	583.0	0.1967	1.0	694.0	0.2787	121.8197	57.7869
YLR154W-E_mRNA	YLR154W-E	46	1050	448.0	0.4267	31.75	555.5	0.0	0.0	4.0	0.6304	4.7609	92.4348
YLR154W-F_mRNA	YLR154W-F	23	369	226.0	0.6125	0.0	50.0	0.3913	1.0	55.0	0.1304	53.8696	121.8261
YLR155C_mRNA	YLR155C	471	1458	497.0	0.3409	940.0	950.0	0.0021	0.0	0.0	0.8599	2.7601	68.7452
YLR157C-A_mRNA	YLR157C-A	1	1323	767.0	0.5797	0.0	0.0	1.0	556.0	556.0	0.0	43.0	109.0
YLR157C-B_mRNA	YLR157C-B	1930	5268	948.0	0.18	3198.35	4239.0	0.0021	0.0	0.0	0.8363	2.4041	314.8834
YLR157C_mRNA	YLR157C	102	1323	483.5	0.3655	407.65	821.0	0.0196	0.0	12.0	0.4902	4.0098	54.2451
YLR157W-D_mRNA	YLR157W-D	1	511	198.0	0.3875	7.0	7.0	1.0	306.0	306.0	0.0	454.0	9.0
YLR158C_mRNA	YLR158C	492	1453	499.0	0.3434	935.0	944.0	0.002	0.0	0.0	0.8557	2.689	71.122
YLR160C_mRNA	YLR160C	109	1553	484.0	0.3117	21.4	1046.0	0.055	0.0	12.0	0.4862	39.156	45.633
YLR161W_mRNA	YLR161W	470	593	105.0	0.1771	483.0	485.0	0.0043	0.0	2.0	0.9404	4.0872	38.8638
YLR162W_mRNA	YLR162W	36	1134	447.5	0.3946	358.75	660.0	0.0	0.0	3.0	0.8056	2.8889	69.2778
YLR163C_mRNA	YLR163C	79	1604	495.0	0.3086	35.8	1047.0	0.0	11.8	51.0	0.0506	2.5316	46.3291
YLR164W_mRNA	YLR164W	25	1013	334.0	0.3297	5.4	542.0	0.08	42.0	45.0	0.04	4.8	45.84
YLR165C_mRNA	YLR165C	66	994	571.5	0.5749	103.0	265.5	0.0	2.0	42.5	0.3485	4.2576	49.5758
YLR166C_mRNA	YLR166C	166	2754	781.5	0.2838	44.75	1812.0	0.006	0.0	17.0	0.4217	2.6867	55.4578
YLR167W_mRNA	YLR167W	38146	1271	540.0	0.4249	710.0	724.0	0.0	0.0	1.0	0.9142	2.0816	37.1929
YLR168C_mRNA	YLR168C	254	1638	652.5	0.3984	12.65	894.5	0.0433	0.0	1.0	0.6575	2.8583	45.685
YLR170C_mRNA	YLR170C	49	838	711.0	0.8484	13.0	45.0	0.0408	19.4	63.0	0.0	2.8776	49.0816
YLR171W_mRNA	YLR171W	1	390	388.0	0.9949	0.0	0.0	1.0	2.0	2.0	1.0	13.0	76.0
YLR172C_mRNA	YLR172C	256	1351	718.5	0.5318	11.75	294.5	0.0156	268.0	337.0	0.0	1.9258	35.1367
YLR173W_mRNA	YLR173W	38	3178	718.0	0.2259	883.1	2373.0	0.0263	7.65	29.0	0.0789	9.3684	69.8947
YLR174W_mRNA	YLR174W	28	1932	341.0	0.1765	120.25	1402.5	0.0357	0.0	12.5	0.4643	45.8929	68.8571
YLR175W_mRNA	YLR175W	224	1712	356.0	0.2079	87.6	1317.0	0.0	10.0	42.0	0.058	1.8482	31.8795
YLR176C_mRNA	YLR176C	66	3094	492.0	0.159	1467.25	2602.0	0.0	0.0	4.0	0.5909	1.1212	43.4242
YLR177W_mRNA	YLR177W	119	2641	486.0	0.184	418.1	1980.0	0.0168	1.0	9.0	0.5126	5.9664	47.2689
YLR178C_mRNA	YLR178C	201	1277	348.0	0.2725	3.0	540.0	0.0796	0.0	12.0	0.4975	3.1393	53.2836
YLR179C_mRNA	YLR179C	289	1013	738.0	0.7285	8.0	40.0	0.0796	223.0	228.0	0.0035	2.1107	43.8893
YLR180W_mRNA	YLR180W	759	1647	767.0	0.4657	42.0	715.0	0.0092	136.0	158.0	0.0026	2.5652	42.0158
YLR181C_mRNA	YLR181C	76	1429	525.0	0.3674	249.0	880.0	0.0	0.0	8.0	0.6974	1.0	45.6316
YLR182W_mRNA	YLR182W	101	2638	585.0	0.2218	857.0	1999.0	0.0	0.0	58.0	0.1386	2.1089	52.7426
YLR183C_mRNA	YLR183C	124	1756	568.5	0.3237	95.15	1160.5	0.0081	0.0	4.0	0.6129	2.0484	38.3952
YLR185W_mRNA	YLR185W	6298	638	368.0	0.5768	250.0	261.0	0.0	0.0	2.0	0.7588	3.3747	38.9744
YLR186W_mRNA	YLR186W	392	1093	416.5	0.3811	91.0	555.0	0.0	99.1	116.0	0.0077	1.7551	44.0357
YLR187W_mRNA	YLR187W	23	3532	537.0	0.152	124.4	2643.0	0.0	0.0	10.0	0.5217	1.8696	52.9565
YLR188W_mRNA	YLR188W	84	2492	631.5	0.2534	302.2	1677.0	0.0119	40.5	195.0	0.0476	1.9048	47.2381
YLR189C_mRNA	YLR189C	81	3806	700.0	0.1839	1460.0	3042.0	0.0	0.0	41.0	0.2593	2.1481	46.0247
YLR190W_mRNA	YLR190W	120	2311	526.5	0.2278	62.9	1721.5	0.025	0.0	18.0	0.35	5.775	49.9583
YLR191W_mRNA	YLR191W	89	1472	447.0	0.3037	15.4	834.0	0.0449	35.0	186.0	0.0	0.8764	35.6854
YLR192C_mRNA	YLR192C	367	1269	476.0	0.3751	57.0	655.0	0.0	72.6	143.0	0.0136	2.6104	43.1335
YLR193C_mRNA	YLR193C	112	783	417.0	0.5326	31.0	351.5	0.0089	0.0	15.0	0.2054	2.0268	45.1071
YLR194C_mRNA	YLR194C	978	1645	527.5	0.3207	362.5	889.0	0.0082	0.0	9.0	0.6759	4.0695	54.2914
YLR195C_mRNA	YLR195C	276	1775	845.5	0.4763	10.25	652.5	0.0507	2.75	311.0	0.0833	1.7029	49.0797
YLR196W_mRNA	YLR196W	257	2023	465.0	0.2299	198.8	1443.0	0.0039	5.0	86.0	0.0661	1.93	40.5447
YLR197W_mRNA	YLR197W	713	1784	390.0	0.2186	65.6	1378.0	0.0014	1.0	7.0	0.561	2.6662	32.2006
YLR199C_mRNA	YLR199C	86	1214	504.5	0.4156	148.0	634.0	0.0	22.0	54.0	0.0349	1.5116	49.1628
YLR200W_mRNA	YLR200W	192	736	489.0	0.6644	1.0	26.0	0.1302	161.55	221.0	0.0	4.6406	35.2865
YLR201C_mRNA	YLR201C	51	1351	510.0	0.3775	136.0	544.0	0.0	288.5	293.0	0.0	1.3725	44.4706
YLR202C_mRNA	YLR202C	59	2066	522.0	0.2527	201.8	1529.0	0.0	0.0	4.0	0.7458	1.1525	46.3729
YLR203C_mRNA	YLR203C	114	1769	463.5	0.262	37.65	1038.0	0.0088	198.65	245.0	0.0	2.3158	42.1404
YLR204W_mRNA	YLR204W	56	560	414.5	0.7402	43.0	131.5	0.0	0.0	10.0	0.5	2.1429	38.9464
YLR205C_mRNA	YLR205C	78	1315	312.0	0.2373	212.7	912.0	0.0256	0.0	7.5	0.7436	5.7051	58.0641
YLR206W_mRNA	YLR206W	140	2106	427.5	0.203	46.85	1559.0	0.0429	1.0	8.0	0.65	8.2286	55.45
YLR207W_mRNA	YLR207W	48	2651	449.5	0.1696	437.35	2171.0	0.0208	13.0	22.0	0.0417	5.8333	33.625
YLR208W_mRNA	YLR208W	345	1778	544.0	0.306	415.0	1086.0	0.0	1.0	99.0	0.1043	1.913	45.7855
YLR209C_mRNA	YLR209C	91	1222	671.0	0.5491	88.0	471.0	0.0	0.0	62.0	0.1868	1.5385	52.7253
YLR210W_mRNA	YLR210W	46	1630	433.5	0.266	35.0	882.0	0.0	1.0	9.0	0.587	2.3043	46.0
YLR211C_mRNA	YLR211C	60	1151	752.5	0.6538	67.95	398.5	0.0	0.0	3.0	0.8167	3.0833	53.65
YLR212C_mRNA	YLR212C	35	1631	445.0	0.2728	34.9	768.0	0.0	0.0	55.0	0.2	2.0	46.2857
YLR213C_mRNA	YLR213C	31	1905	405.0	0.2126	291.5	1484.0	0.0	0.0	1.0	0.9032	14.4194	52.2903
YLR214W_mRNA	YLR214W	240	2301	612.5	0.2662	64.8	1601.5	0.0125	0.0	10.0	0.5958	7.0083	44.8583
YLR215C_mRNA	YLR215C	55	1270	499.0	0.3929	29.5	752.0	0.0182	0.0	18.0	0.3818	1.0182	30.6727
YLR216C_mRNA	YLR216C	2504	1333	614.0	0.4606	82.0	678.0	0.0004	0.0	19.0	0.3039	1.8075	47.2732
YLR217W_mRNA	YLR217W	1	638	447.0	0.7006	173.0	173.0	0.0	18.0	18.0	0.0	0.0	75.0
YLR218C_mRNA	YLR218C	12	637	291.5	0.4576	193.55	269.0	0.0	0.0	5.0	0.8333	0.25	44.25
YLR219W_mRNA	YLR219W	84	2725	450.0	0.1651	187.4	2004.0	0.0	3.0	189.0	0.0714	2.7024	52.131
YLR220W_mRNA	YLR220W	192	1707	735.0	0.4306	32.0	564.0	0.0	398.0	408.0	0.0	2.5729	45.0781
YLR221C_mRNA	YLR221C	516	1005	624.5	0.6214	72.0	358.5	0.0	0.0	5.0	0.7306	2.4535	45.3624
YLR222C-A_mRNA	YLR222C-A	33	1232	358.0	0.2906	260.0	826.0	0.0	34.6	48.0	0.0	6.4242	39.2121
YLR222C_mRNA	YLR222C	320	2608	538.0	0.2063	994.45	2063.5	0.0	0.0	8.0	0.7844	1.9562	42.4125
YLR223C_mRNA	YLR223C	35	3777	607.0	0.1607	19.9	3000.0	0.0	0.0	9.0	0.5714	1.8286	44.4571
YLR224W_mRNA	YLR224W	118	1803	610.5	0.3386	428.5	1102.5	0.0	0.0	10.0	0.678	2.8559	55.2966
YLR225C_mRNA	YLR225C	405	1420	708.0	0.4986	16.0	693.0	0.0049	0.0	8.0	0.7531	1.9309	46.5704
YLR226W_mRNA	YLR226W	80	1847	710.5	0.3847	76.95	1017.0	0.0	1.95	97.0	0.075	1.4125	30.0625
YLR227C_mRNA	YLR227C	96	2587	551.0	0.213	644.75	1195.0	0.0	0.0	524.0	0.1771	2.6354	47.7396
YLR227W-A_mRNA	YLR227W-A	1	1323	736.0	0.5563	2.0	2.0	1.0	585.0	585.0	0.0	17.0	85.0
YLR227W-B_mRNA	YLR227W-B	371	5268	1158.0	0.2198	1583.0	4026.0	0.0027	0.0	0.0	0.7332	2.3881	271.186
YLR228C_mRNA	YLR228C	95	2915	424.0	0.1455	1172.4	2444.0	0.0	0.0	50.0	0.3053	3.7053	56.4947
YLR229C_mRNA	YLR229C	498	1912	764.5	0.3998	1.85	64.5	0.1305	292.0	1047.0	0.004	2.51	46.6225
YLR231C_mRNA	YLR231C	47	1745	519.0	0.2974	61.2	764.0	0.0	0.0	13.0	0.4043	2.2766	58.4894
YLR233C_mRNA	YLR233C	16	2438	456.5	0.1872	23.5	1871.0	0.0625	0.0	7.0	0.5625	27.125	50.75
YLR234W_mRNA	YLR234W	7	2568	316.0	0.1231	2147.4	2252.0	0.0	0.0	4.0	0.7143	4.0	46.2857
YLR237W_mRNA	YLR237W	58	2124	596.5	0.2808	395.05	1517.0	0.0172	0.85	5.0	0.6379	2.6207	37.3448
YLR238W_mRNA	YLR238W	34	1670	448.5	0.2686	17.3	1200.0	0.0588	1.3	41.0	0.2059	1.2647	35.2353
YLR239C_mRNA	YLR239C	66	1242	695.0	0.5596	54.0	496.0	0.0152	64.0	85.0	0.0152	10.1212	46.9848
YLR240W_mRNA	YLR240W	78	2825	424.5	0.1503	1201.85	2339.0	0.0	4.55	51.0	0.2051	1.6795	56.7051
YLR241W_mRNA	YLR241W	127	2550	486.0	0.1906	12.8	1966.0	0.0315	0.0	55.0	0.1811	4.1969	49.2441
YLR242C_mRNA	YLR242C	74	1244	574.0	0.4614	66.65	515.5	0.0	39.65	107.5	0.0405	1.5811	47.7973
YLR243W_mRNA	YLR243W	167	1079	563.0	0.5218	24.2	398.0	0.006	0.0	17.0	0.1557	2.515	42.2275
YLR244C_mRNA	YLR244C	347	1850	631.0	0.3411	607.0	1193.0	0.0029	0.0	1.0	0.9193	2.2939	50.6398
YLR245C_mRNA	YLR245C	6	679	518.5	0.7636	35.5	58.0	0.0	22.75	112.0	0.1667	2.6667	43.6667
YLR246W_mRNA	YLR246W	65	1500	442.0	0.2947	343.4	1056.0	0.0	0.0	2.0	0.7538	3.8923	52.7231
YLR247C_mRNA	YLR247C	54	4800	379.5	0.0791	22.2	3316.5	0.0185	0.0	906.0	0.2963	2.2778	34.7037
YLR248W_mRNA	YLR248W	179	2643	421.0	0.1593	108.7	2162.0	0.0112	0.0	7.0	0.5978	2.581	46.5307
YLR249W_mRNA	YLR249W	4093	3374	358.0	0.1061	1095.2	2977.0	0.0005	3.0	42.0	0.1449	2.2148	31.3315
YLR250W_mRNA	YLR250W	520	1047	697.5	0.6662	8.0	173.5	0.0788	110.0	180.0	0.0038	4.8731	39.6962
YLR251W_mRNA	YLR251W	127	1122	895.0	0.7977	128.5	216.0	0.0472	0.0	7.0	0.6693	17.063	57.252
YLR252W_mRNA	YLR252W	7	799	371.0	0.4643	15.0	425.0	0.0	1.3	3.0	0.8571	2.2857	54.0
YLR253W_mRNA	YLR253W	69	1915	441.0	0.2303	91.8	1468.0	0.0	0.0	15.0	0.4638	1.3043	48.5797
YLR254C_mRNA	YLR254C	120	1247	472.5	0.3789	512.0	741.5	0.0	0.0	3.0	0.8833	1.7917	43.4083
YLR255C_mRNA	YLR255C	2	874	267.0	0.3055	137.6	233.0	0.0	236.3	374.0	0.0	1.0	7.0
YLR256W_mRNA	YLR256W	136	4931	246.5	0.05	1897.5	4323.5	0.0	1.75	236.0	0.1029	11.2132	106.9926
YLR257W_mRNA	YLR257W	856	1385	531.0	0.3834	75.0	764.5	0.0058	37.0	53.0	0.0058	4.1005	40.3423
YLR258W_mRNA	YLR258W	118	2569	481.5	0.1874	189.35	2050.5	0.0	0.85	8.0	0.7119	2.2966	41.5
YLR259C_mRNA	YLR259C	1833	1983	456.0	0.23	25.0	1432.0	0.0098	25.0	87.0	0.0087	2.8587	45.2373
YLR260W_mRNA	YLR260W	88	2415	496.0	0.2054	34.35	1719.0	0.0114	7.0	50.0	0.0682	6.8864	41.8636
YLR261C_mRNA	YLR261C	229	1027	760.0	0.74	0.4	78.0	0.1616	11.0	152.0	0.0262	2.7336	51.9738
YLR262C-A_mRNA	YLR262C-A	3727	697	303.0	0.4347	362.0	393.0	0.0	0.0	0.0	0.9665	1.9718	49.7505
YLR262C_mRNA	YLR262C	189	1005	732.0	0.7284	2.4	173.0	0.0952	3.4	71.0	0.1481	2.3598	44.9788
YLR263W_mRNA	YLR263W	36	3040	305.0	0.1003	6.75	2586.0	0.0833	0.0	8.0	0.5278	2.5556	43.5278
YLR264W_mRNA	YLR264W	3732	1284	546.0	0.4252	41.0	333.0	0.008	372.0	382.0	0.0	2.9065	49.7827
YLR265C_mRNA	YLR265C	97	1238	444.0	0.3586	0.0	256.0	0.1443	0.0	9.0	0.567	24.8866	45.7216
YLR266C_mRNA	YLR266C	59	2163	641.0	0.2963	88.7	1325.0	0.0	0.0	5.0	0.5932	3.7288	58.9831
YLR267W_mRNA	YLR267W	19	1872	461.0	0.2463	1.8	1153.0	0.1053	0.0	0.0	0.8947	13.2632	67.6316
YLR268W_mRNA	YLR268W	172	1018	775.5	0.7618	11.0	44.0	0.0407	131.0	195.0	0.0174	2.343	36.0
YLR270W_mRNA	YLR270W	134	1426	413.5	0.29	74.0	1003.5	0.0	0.0	2.0	0.7836	2.6866	40.7761
YLR271W_mRNA	YLR271W	128	1288	58.0	0.045	166.0	169.5	0.0	0.0	1064.0	0.2266	145.7656	142.3828
YLR272C_mRNA	YLR272C	48	3671	479.5	0.1306	1204.05	3135.5	0.0	0.0	14.0	0.1875	1.8958	48.2292
YLR273C_mRNA	YLR273C	12	2329	706.0	0.3031	147.8	1507.5	0.0	0.0	3.0	0.6667	0.75	61.25
YLR274W_mRNA	YLR274W	169	2500	546.0	0.2184	23.4	1939.0	0.0	0.0	3.0	0.7101	2.4675	57.9408
YLR275W_mRNA	YLR275W	244	801	577.0	0.7203	163.0	206.0	0.0	0.0	6.5	0.6967	2.627	49.6721
YLR276C_mRNA	YLR276C	366	2014	480.0	0.2383	248.75	1506.0	0.0	0.0	3.0	0.8525	2.8579	42.8306
YLR277C_mRNA	YLR277C	134	2581	383.0	0.1484	1166.05	2170.0	0.0	0.0	17.0	0.1716	2.2687	46.4403
YLR278C_mRNA	YLR278C	129	4197	404.0	0.0963	975.8	3715.0	0.0	0.0	2.0	0.6667	2.8527	59.7519
YLR279W_mRNA	YLR279W	1	390	174.0	0.4462	111.0	111.0	0.0	105.0	105.0	0.0	0.0	7.0
YLR281C_mRNA	YLR281C	1	468	461.0	0.985	0.0	0.0	1.0	7.0	7.0	1.0	4.0	393.0
YLR283W_mRNA	YLR283W	80	1376	671.0	0.4876	259.2	537.5	0.0	1.0	48.0	0.1625	2.5875	51.0
YLR284C_mRNA	YLR284C	45	1716	785.0	0.4575	477.4	831.0	0.0222	0.0	0.0	0.8889	6.2	41.8667
YLR285C-A_mRNA	YLR285C-A	163	1182	442.0	0.3739	50.4	579.0	0.0245	115.0	135.0	0.0	3.8589	54.3067
YLR285W_mRNA	YLR285W	292	1068	733.5	0.6868	0.0	229.0	0.1541	64.0	80.0	0.0034	2.4589	44.7363
YLR286C_mRNA	YLR286C	439	2125	1096.0	0.5158	22.0	763.0	0.0228	11.0	29.0	0.0296	4.9636	55.2187
YLR287C-A_mRNA	YLR287C-A	16729	477	389.0	0.8155	35.0	58.0	0.0002	3.0	20.0	0.3449	3.6784	39.7777
YLR287C_mRNA	YLR287C	276	1779	686.0	0.3856	13.0	657.5	0.029	367.25	419.0	0.0326	1.8478	46.3261
YLR288C_mRNA	YLR288C	66	1627	428.0	0.2631	6.5	1116.5	0.0758	2.75	30.5	0.1061	7.2576	45.9394
YLR289W_mRNA	YLR289W	28	2073	480.5	0.2318	9.25	1585.0	0.0714	0.0	4.0	0.6786	4.0	67.1071
YLR290C_mRNA	YLR290C	182	1041	621.0	0.5965	8.0	359.0	0.0879	4.1	75.0	0.1374	2.4066	49.6923
YLR291C_mRNA	YLR291C	212	1389	354.5	0.2552	41.55	997.0	0.0047	6.0	32.0	0.0755	1.9245	46.6226
YLR292C_mRNA	YLR292C	645	837	699.0	0.8351	44.0	75.0	0.0031	7.0	31.0	0.0651	3.6202	40.6109
YLR293C_mRNA	YLR293C	2356	994	758.0	0.7626	18.0	80.5	0.0149	36.0	148.0	0.0127	3.1872	43.0505
YLR294C_mRNA	YLR294C	278	796	575.0	0.7224	55.0	98.5	0.0144	36.55	80.0	0.0144	2.2302	39.795
YLR295C_mRNA	YLR295C	212	778	603.0	0.7751	87.55	112.0	0.0	6.0	34.5	0.1745	2.0094	37.4906
YLR296W_mRNA	YLR296W	1	1137	428.0	0.3764	709.0	709.0	0.0	0.0	0.0	1.0	7.0	33.0
YLR297W_mRNA	YLR297W	28	1156	410.5	0.3551	148.75	357.5	0.0	3.7	101.0	0.3929	3.5	41.8214
YLR298C_mRNA	YLR298C	97	1465	723.0	0.4935	7.0	51.0	0.0928	7.0	671.0	0.0619	5.8866	31.6907
YLR299W_mRNA	YLR299W	112	2531	337.5	0.1333	21.55	1843.5	0.0446	0.0	5.0	0.5982	5.3125	48.25
YLR300W_mRNA	YLR300W	1449	1784	510.0	0.2859	45.0	1186.0	0.0014	51.0	73.0	0.0173	2.7578	45.2609
YLR301W_mRNA	YLR301W	1058	990	860.0	0.8687	15.0	35.0	0.0246	77.0	87.0	0.0227	2.5926	41.8223
YLR303W_mRNA	YLR303W	895	1871	540.0	0.2886	10.0	927.0	0.0883	387.0	399.0	0.0089	2.8905	52.6994
YLR304C_mRNA	YLR304C	592	2684	483.5	0.1801	87.0	2138.5	0.0017	0.0	12.0	0.478	3.4865	50.728
YLR305C_mRNA	YLR305C	153	6189	496.0	0.0801	2194.6	5527.0	0.0	10.0	64.0	0.1569	3.4248	44.817
YLR306W_mRNA	YLR306W	97	907	635.0	0.7001	11.6	71.0	0.0515	110.0	206.0	0.0103	8.9588	47.2577
YLR307C-A_mRNA	YLR307C-A	24	548	538.0	0.9818	0.0	5.0	0.7083	0.0	0.0	0.7083	29.5	69.25
YLR307W_mRNA	YLR307W	10	1080	744.0	0.6889	7.45	335.0	0.3	0.45	3.5	1.0	1.9	53.2
YLR308W_mRNA	YLR308W	1	939	249.0	0.2652	690.0	690.0	0.0	0.0	0.0	1.0	0.0	170.0
YLR309C_mRNA	YLR309C	224	3060	693.0	0.2265	1166.8	2310.5	0.0	0.0	6.0	0.5893	1.8661	54.9866
YLR310C_mRNA	YLR310C	163	5394	479.0	0.0888	2751.4	4863.0	0.0	0.0	14.0	0.2577	2.2761	47.7301
YLR311C_mRNA	YLR311C	2	1664	581.5	0.3495	285.35	576.5	0.0	445.7	506.0	0.0	0.0	47.5
YLR312C_mRNA	YLR312C	10	1612	364.0	0.2258	11.45	87.5	0.0	2.8	917.5	0.2	2.9	26.1
YLR312W-A_mRNA	YLR312W-A	249	1069	793.0	0.7418	18.0	73.0	0.0361	124.0	180.0	0.0	2.1205	45.51
YLR313C_mRNA	YLR313C	19	2141	449.0	0.2097	67.9	1629.0	0.0	0.0	63.0	0.1053	1.6842	51.5789
YLR314C_mRNA	YLR314C	244	1770	527.0	0.2977	62.6	1162.0	0.0	1.0	51.0	0.082	2.5984	42.0902
YLR315W_mRNA	YLR315W	5	1379	364.0	0.264	6.0	352.0	0.4	1.0	12.0	0.4	2.0	47.8
YLR316C_mRNA	YLR316C	38	1184	608.5	0.5139	16.0	58.5	0.0	56.25	90.5	0.0	1.1316	52.7895
YLR317W_mRNA	YLR317W	15	1461	485.0	0.332	8.4	969.0	0.0667	0.0	14.0	0.4667	1.1333	58.3333
YLR318W_mRNA	YLR318W	19	2801	459.0	0.1639	178.1	1192.0	0.0	0.9	19.0	0.3158	2.6842	47.6316
YLR319C_mRNA	YLR319C	94	2615	515.5	0.1971	970.65	2075.0	0.0106	0.0	7.0	0.6383	7.8617	56.9255
YLR320W_mRNA	YLR320W	37	4429	604.0	0.1364	909.8	3320.0	0.0	0.8	34.0	0.1622	2.9459	39.7027
YLR321C_mRNA	YLR321C	79	1724	460.0	0.2668	117.0	1254.0	0.0	0.0	6.0	0.557	1.4684	41.962
YLR322W_mRNA	YLR322W	2	488	487.5	0.999	0.05	0.5	1.0	0.0	0.0	1.0	14.0	43.5
YLR323C_mRNA	YLR323C	27	3015	583.0	0.1934	1933.3	2326.0	0.0	69.1	108.0	0.0	1.1111	28.7778
YLR324W_mRNA	YLR324W	28	1786	588.0	0.3292	51.25	1129.5	0.0357	4.05	44.5	0.1429	3.3571	51.0
YLR325C_mRNA	YLR325C	19880	973	478.0	0.4913	485.0	488.0	0.0001	0.0	2.0	0.7784	2.0314	44.0701
YLR326W_mRNA	YLR326W	49	1025	322.0	0.3141	11.8	610.0	0.0408	2.0	12.0	0.2653	7.0	45.551
YLR327C_mRNA	YLR327C	2975	688	489.0	0.7108	170.0	180.0	0.001	0.0	6.0	0.5785	2.6158	47.7042
YLR328W_mRNA	YLR328W	126	1767	497.0	0.2813	62.5	1025.5	0.0079	164.0	178.0	0.0	5.5079	53.0
YLR329W_mRNA	YLR329W	6	795	174.5	0.2195	251.75	620.5	0.0	0.0	0.0	1.0	17.3333	116.3333
YLR330W_mRNA	YLR330W	156	2220	346.5	0.1561	903.0	1868.5	0.0064	2.0	4.0	0.9038	1.3077	44.0321
YLR332W_mRNA	YLR332W	275	1796	489.0	0.2723	97.0	1277.0	0.0	1.7	18.0	0.12	2.04	50.1818
YLR333C_mRNA	YLR333C	7658	663	439.0	0.6621	137.0	157.0	0.0	31.0	66.0	0.0061	14.3688	41.6728
YLR334C_mRNA	YLR334C	3	381	146.0	0.3832	0.0	0.0	1.0	228.7	235.0	0.0	137.6667	75.6667
YLR335W_mRNA	YLR335W	226	2377	438.5	0.1845	45.0	1839.0	0.0044	68.0	85.0	0.0133	2.5664	38.3274
YLR336C_mRNA	YLR336C	173	3000	693.0	0.231	903.6	2223.0	0.0	20.8	68.0	0.0173	1.3468	40.8382
YLR337C_mRNA	YLR337C	99	2654	448.0	0.1688	1162.8	2184.0	0.0	10.0	22.0	0.1616	4.4949	43.5051
YLR338W_mRNA	YLR338W	2	858	396.0	0.4615	275.35	458.5	0.0	0.35	3.5	1.0	1.0	113.0
YLR340W_mRNA	YLR340W	5924	1356	857.0	0.632	20.0	222.0	0.0081	259.0	266.0	0.0	3.0076	49.4578
YLR341W_mRNA	YLR341W	9	1434	378.0	0.2636	593.6	948.0	0.0	0.0	0.0	0.8889	2.8889	516.8889
YLR342W-A_mRNA	YLR342W-A	766	1814	382.0	0.2106	140.5	790.5	0.0052	608.0	638.0	0.0013	2.9282	49.3172
YLR342W_mRNA	YLR342W	1264	6134	560.0	0.0913	1575.1	5352.5	0.0111	1.0	40.0	0.1701	3.4905	52.8109
YLR343W_mRNA	YLR343W	22	1668	278.0	0.1667	14.1	1296.0	0.0909	0.0	6.0	0.7273	18.8182	92.2727
YLR344W_mRNA	YLR344W	4918	955	484.0	0.5068	433.0	461.0	0.0006	0.0	7.0	0.7747	2.1171	43.5118
YLR345W_mRNA	YLR345W	174	1765	582.0	0.3297	81.9	1108.0	0.0	0.0	6.0	0.5632	1.9655	57.408
YLR346C_mRNA	YLR346C	52	976	483.5	0.4954	434.95	490.0	0.0	0.0	0.0	0.8654	1.8077	30.3462
YLR347C_mRNA	YLR347C	198	3268	589.0	0.1802	95.55	2431.5	0.0	149.0	222.5	0.0202	2.5859	53.7323
YLR348C_mRNA	YLR348C	178	1099	577.5	0.5255	73.85	484.0	0.0169	0.0	41.0	0.1461	2.5787	39.4944
YLR349W_mRNA	YLR349W	1	507	391.0	0.7712	103.0	103.0	0.0	13.0	13.0	0.0	0.0	7.0
YLR350W_mRNA	YLR350W	227	912	720.0	0.7895	27.6	118.0	0.022	6.0	44.0	0.0749	6.4141	55.2115
YLR351C_mRNA	YLR351C	227	1101	693.0	0.6294	27.3	316.0	0.0	33.0	65.0	0.0	2.3216	39.6344
YLR352W_mRNA	YLR352W	24	2658	546.0	0.2054	0.0	1705.0	0.1667	1.0	47.0	0.4167	36.5833	41.2083
YLR353W_mRNA	YLR353W	75	2458	494.0	0.201	24.2	1853.0	0.0133	0.7	17.0	0.1733	3.24	42.96
YLR354C_mRNA	YLR354C	780	1248	768.0	0.6154	33.9	392.0	0.0038	8.0	19.0	0.2397	2.7526	46.2051
YLR355C_mRNA	YLR355C	2123	1570	432.0	0.2752	13.0	1042.0	0.0122	75.0	82.0	0.0047	2.8121	43.2614
YNCL0033C_mRNA	YNCL0033C	1	60	60.0	1.0	0.0	0.0	1.0	0.0	0.0	1.0	26.0	101.0
YLR356W_mRNA	YLR356W	77	886	652.0	0.7359	20.0	86.0	0.013	1.0	101.0	0.0779	5.4156	53.7792
YLR357W_mRNA	YLR357W	34	2919	844.0	0.2891	22.65	2019.5	0.0	1.0	6.5	0.5294	0.6765	44.5588
YLR359W_mRNA	YLR359W	424	2331	486.0	0.2085	634.0	1795.0	0.0	2.0	16.0	0.2972	2.1085	46.4929
YLR360W_mRNA	YLR360W	69	1557	812.0	0.5215	17.2	500.0	0.029	0.0	30.0	0.2899	3.1014	40.8116
YLR361C-A_mRNA	YLR361C-A	217	605	424.0	0.7008	3.4	32.0	0.1475	109.0	123.0	0.0	7.5253	35.9309
YLR361C_mRNA	YLR361C	89	2237	693.0	0.3098	14.8	1402.0	0.0225	18.0	151.0	0.0112	2.3596	53.7079
YLR362W_mRNA	YLR362W	50	2334	585.0	0.2506	55.85	1542.5	0.0	0.0	3.0	0.74	2.78	50.16
YLR363C_mRNA	YLR363C	136	1280	586.5	0.4582	13.5	596.5	0.0294	82.25	100.5	0.0	6.4412	52.2059
YLR363W-A_mRNA	YLR363W-A	283	675	420.0	0.6222	10.0	35.0	0.1449	26.0	224.0	0.0	2.0636	33.735
YLR364W_mRNA	YLR364W	61	920	392.0	0.4261	106.0	181.0	0.0328	1.0	352.0	0.082	1.918	54.8361
YLR367W_mRNA	YLR367W	4440	660	444.0	0.6727	2.0	38.0	0.105	163.0	175.0	0.0007	70.5622	43.1755
YLR368W_mRNA	YLR368W	53	1904	539.0	0.2831	52.0	1324.0	0.0377	0.6	7.0	0.6415	3.3585	46.1132
YLR369W_mRNA	YLR369W	112	2695	401.0	0.1488	88.2	2103.5	0.0089	3.1	71.0	0.0625	1.7768	43.9107
YLR370C_mRNA	YLR370C	309	827	531.0	0.6421	12.0	217.0	0.0453	52.0	80.0	0.0	2.0971	39.1942
YLR371W_mRNA	YLR371W	169	4431	560.0	0.1264	2463.2	3828.0	0.0059	0.0	19.0	0.3195	1.9467	38.8876
YLR372W_mRNA	YLR372W	1024	1513	507.5	0.3354	82.0	880.5	0.0	0.0	141.0	0.3594	2.7666	45.7949
YLR373C_mRNA	YLR373C	115	2830	533.0	0.1883	1002.4	2288.0	0.0	0.0	7.0	0.7304	2.3217	56.0
YLR375W_mRNA	YLR375W	165	1220	561.0	0.4598	65.0	642.0	0.0061	2.6	8.0	0.5515	2.3818	50.1939
YLR376C_mRNA	YLR376C	36	891	572.5	0.6425	35.0	140.5	0.0556	3.0	9.0	0.6389	3.6111	41.7778
YLR377C_mRNA	YLR377C	15	1238	376.0	0.3037	28.5	846.0	0.0	0.0	9.0	0.6	6.0	47.2667
YLR378C_mRNA	YLR378C	434	1891	635.5	0.3361	78.0	1225.5	0.0	0.0	14.5	0.47	2.5876	45.1014
YLR380W_mRNA	YLR380W	121	1992	619.0	0.3107	552.0	1312.0	0.0083	0.0	52.0	0.438	2.6364	43.5207
YLR381W_mRNA	YLR381W	65	2315	442.0	0.1909	452.0	1825.0	0.0154	0.0	3.0	0.7692	2.2462	39.1385
YLR382C_mRNA	YLR382C	81	2858	331.0	0.1158	933.0	2498.0	0.0	0.0	6.0	0.7284	3.3827	80.9259
YLR383W_mRNA	YLR383W	84	3497	399.0	0.1141	1194.2	3059.5	0.0357	2.0	15.0	0.4048	7.8333	43.5476
YLR384C_mRNA	YLR384C	265	4637	462.0	0.0996	1588.8	4159.0	0.0	0.0	1.0	0.8642	2.0	40.083
YLR385C_mRNA	YLR385C	6	3043	428.0	0.1407	256.75	806.5	0.0	239.5	1504.5	0.1667	1.5	64.3333
YLR386W_mRNA	YLR386W	65	2859	722.0	0.2525	57.2	2074.0	0.0	1.2	48.0	0.1077	0.9692	44.7846
YLR387C_mRNA	YLR387C	280	1812	637.5	0.3518	22.0	838.5	0.0036	243.9	320.0	0.0036	2.8536	46.3714
YLR388W_mRNA	YLR388W	6766	463	254.0	0.5486	101.0	140.0	0.0	56.0	68.0	0.003	7.0399	46.6284
YLR389C_mRNA	YLR389C	53	3370	510.0	0.1513	541.4	2669.0	0.0	38.6	98.0	0.0189	1.3396	32.5283
YLR390W-A_mRNA	YLR390W-A	936	1399	710.0	0.5075	33.0	243.0	0.0021	384.0	399.0	0.0	4.0769	54.2041
YLR390W_mRNA	YLR390W	174	4776	331.5	0.0694	292.0	302.0	0.0	173.65	4116.0	0.0	1.9425	32.8046
YLR392C_mRNA	YLR392C	36	2043	805.5	0.3943	242.25	1123.0	0.0	1.75	23.0	0.2222	1.3333	46.4722
YLR393W_mRNA	YLR393W	1	2027	305.0	0.1505	51.0	51.0	0.0	1671.0	1671.0	0.0	0.0	0.0
YLR394W_mRNA	YLR394W	37	2432	811.0	0.3335	17.4	1563.0	0.027	0.0	0.0	0.7568	4.6486	75.7297
YLR395C_mRNA	YLR395C	1395	1158	538.0	0.4646	578.0	607.0	0.0014	0.0	7.0	0.6545	1.41	50.9039
YLR396C_mRNA	YLR396C	52	2351	667.5	0.2839	416.7	1489.0	0.0	3.3	181.0	0.0962	4.5	51.5769
YLR397C_mRNA	YLR397C	114	2634	462.5	0.1756	463.5	2111.0	0.0	0.0	11.0	0.4825	1.7456	45.9211
YLR398C_mRNA	YLR398C	141	4246	472.0	0.1112	1166.0	3646.0	0.0	21.0	91.0	0.0284	1.4113	45.3121
YLR399C_mRNA	YLR399C	190	2432	439.5	0.1807	847.8	1951.0	0.0	0.0	0.0	0.8526	2.1053	43.4263
YLR401C_mRNA	YLR401C	114	4346	478.5	0.1101	404.5	1687.0	0.0088	1511.95	2247.0	0.0	2.5351	37.3509
YLR402W_mRNA	YLR402W	1	192	134.0	0.6979	58.0	58.0	0.0	0.0	0.0	1.0	3.0	134.0
YLR403W_mRNA	YLR403W	97	2793	559.0	0.2001	0.0	1941.0	0.1546	0.0	35.0	0.3505	48.9588	50.6495
YLR404W_mRNA	YLR404W	31	1450	426.0	0.2938	377.0	892.0	0.0	63.0	158.0	0.0	1.7742	36.129
YLR405W_mRNA	YLR405W	82	1992	462.5	0.2322	187.4	1275.5	0.0	0.0	7.0	0.6707	2.1707	37.8537
YLR406C_mRNA	YLR406C	2456	784	497.0	0.6339	217.0	260.0	0.0	0.0	4.0	0.7056	2.6971	38.6824
YLR407W_mRNA	YLR407W	75	1172	480.0	0.4096	17.4	630.0	0.0133	4.0	16.0	0.16	2.0533	44.48
YLR408C_mRNA	YLR408C	117	542	413.0	0.762	82.8	103.0	0.0	0.0	23.0	0.4274	1.3333	48.4103
YLR409C_mRNA	YLR409C	248	2975	518.0	0.1741	835.45	2397.5	0.0121	4.35	58.0	0.1048	1.7621	40.4395
YLR410W-A_mRNA	YLR410W-A	27	1317	416.0	0.3159	0.0	238.0	0.3704	218.8	378.0	0.0	21.8519	41.1852
YLR410W-B_mRNA	YLR410W-B	79	5313	479.0	0.0902	0.0	3044.0	0.1139	0.0	1397.0	0.2658	8.6835	115.1139
YLR410W_mRNA	YLR410W	113	3577	891.0	0.2491	22.2	2509.0	0.0177	0.0	17.0	0.2212	2.9204	44.6549
YLR411W_mRNA	YLR411W	27	965	532.0	0.5513	72.7	391.0	0.0	0.0	6.0	0.7407	1.8519	59.1111
YLR412C-A_mRNA	YLR412C-A	2	1159	450.5	0.3887	29.9	218.0	0.5	453.15	490.5	0.0	23.0	51.0
YLR412W_mRNA	YLR412W	94	1892	690.0	0.3647	1.65	256.5	0.117	184.3	977.0	0.0	1.5	42.2447
YLR413W_mRNA	YLR413W	299	2248	655.0	0.2914	13.0	1471.0	0.0301	3.0	36.0	0.1505	5.505	46.7291
YLR414C_mRNA	YLR414C	494	1103	541.0	0.4905	89.0	543.5	0.0081	0.0	1.0	0.83	3.2955	49.585
YLR415C_mRNA	YLR415C	7	1154	512.0	0.4437	148.1	358.0	0.0	4.5	269.0	0.1429	4.2857	72.4286
YLR417W_mRNA	YLR417W	42	1932	609.0	0.3152	301.55	1211.5	0.0	0.0	41.0	0.1667	2.4524	40.9048
YLR418C_mRNA	YLR418C	178	1595	607.5	0.3809	52.0	875.0	0.0056	44.25	69.0	0.0112	1.5674	41.1292
YLR419W_mRNA	YLR419W	73	4469	437.0	0.0978	67.6	3920.0	0.0274	0.0	34.0	0.4795	3.6712	59.8219
YLR420W_mRNA	YLR420W	305	1334	685.0	0.5135	45.0	614.0	0.0066	3.0	52.0	0.1148	2.118	38.5279
YLR421C_mRNA	YLR421C	716	852	447.5	0.5252	2.0	275.0	0.1061	105.0	132.5	0.0028	2.3045	41.3547
YLR422W_mRNA	YLR422W	60	6006	625.5	0.1041	536.75	4020.0	0.0333	0.95	45.5	0.1667	1.65	59.2667
YLR423C_mRNA	YLR423C	64	1609	493.0	0.3064	133.95	1094.5	0.0	0.15	2.0	0.7656	2.9219	47.125
YLR424W_mRNA	YLR424W	40	2265	597.0	0.2636	612.85	1641.5	0.0	0.0	12.5	0.475	1.25	52.1
YLR425W_mRNA	YLR425W	47	4166	466.0	0.1119	455.9	3595.0	0.0213	5.2	23.0	0.1064	2.8723	45.2553
YLR426W_mRNA	YLR426W	44	1099	778.0	0.7079	10.0	264.5	0.1364	13.15	22.5	0.0455	4.8636	44.9773
YLR427W_mRNA	YLR427W	86	2321	327.5	0.1411	309.25	1969.0	0.0	1.0	9.0	0.5233	2.1163	45.814
YLR428C_mRNA	YLR428C	3	549	245.0	0.4463	30.2	302.0	0.3333	0.2	2.0	1.0	11.3333	32.0
YLR429W_mRNA	YLR429W	301	2192	532.0	0.2427	26.0	1531.0	0.0033	4.0	64.0	0.0797	2.309	45.0897
YLR430W_mRNA	YLR430W	92	7313	421.5	0.0576	234.0	6475.5	0.0217	5.0	13.5	0.4239	5.0652	51.0543
YLR431C_mRNA	YLR431C	37	1715	724.0	0.4222	2.4	952.0	0.1081	0.0	7.0	0.6757	19.7297	44.4054
YLR432W_mRNA	YLR432W	935	2034	590.0	0.2901	26.0	1157.0	0.0257	112.0	273.0	0.0	3.3701	46.6353
YLR433C_mRNA	YLR433C	56	2071	518.0	0.2501	28.25	1428.0	0.0	0.0	50.5	0.125	3.7321	41.9821
YLR435W_mRNA	YLR435W	623	1026	443.0	0.4318	24.0	416.0	0.0305	108.0	179.0	0.0032	4.5152	39.199
YLR436C_mRNA	YLR436C	118	4034	520.0	0.1289	1226.9	3492.0	0.0085	0.0	10.0	0.5085	2.3136	58.4492
YLR437C_mRNA	YLR437C	81	706	553.0	0.7833	16.0	71.0	0.0247	70.0	82.0	0.0	4.4444	31.3333
YLR438C-A_mRNA	YLR438C-A	309	2259	413.0	0.1828	1807.8	1841.0	0.0	0.0	3.0	0.7735	3.3074	32.6602
YLR438W_mRNA	YLR438W	10	1439	551.0	0.3829	569.75	814.5	0.0	13.4	85.5	0.1	0.2	48.1
YLR439W_mRNA	YLR439W	36	1718	1039.5	0.6051	557.5	676.5	0.0	0.0	3.0	0.6944	2.8889	63.0556
YLR440C_mRNA	YLR440C	39	3683	829.0	0.2251	135.5	620.0	0.0	1112.4	1246.0	0.0	2.4103	46.7949
YLR441C_mRNA	YLR441C	11574	1144	895.0	0.7823	28.0	104.0	0.0066	79.0	115.0	0.0003	1.9279	41.6275
YLR442C_mRNA	YLR442C	76	3119	562.0	0.1802	1040.0	2510.0	0.0132	31.25	47.0	0.0395	2.4079	52.6184
YLR443W_mRNA	YLR443W	121	1618	699.0	0.432	48.0	619.0	0.0	0.0	6.0	0.6612	2.0083	51.6198
YLR445W_mRNA	YLR445W	1	567	205.0	0.3616	362.0	362.0	0.0	0.0	0.0	1.0	2.0	210.0
YLR446W_mRNA	YLR446W	21	1673	491.0	0.2935	36.0	604.0	0.0	2.0	137.0	0.3333	1.4286	48.8095
YLR447C_mRNA	YLR447C	1280	1597	802.5	0.5025	18.0	396.0	0.0133	336.0	342.0	0.0008	1.9609	39.5305
YLR448W_mRNA	YLR448W	3207	1123	660.0	0.5877	55.0	185.0	0.0106	201.0	258.0	0.0025	2.7746	46.5794
YLR449W_mRNA	YLR449W	441	1345	408.0	0.3033	507.0	933.0	0.0	1.0	3.0	0.7483	3.1701	45.0748
YLR450W_mRNA	YLR450W	115	3367	755.0	0.2242	21.4	2524.0	0.0348	0.0	3.0	0.7217	3.0087	56.9043
YLR451W_mRNA	YLR451W	53	2946	447.0	0.1517	492.0	2015.0	0.0	0.0	45.0	0.2453	5.8113	49.9057
YLR452C_mRNA	YLR452C	112	2487	502.0	0.2018	19.25	1746.5	0.0536	0.0	12.0	0.4643	25.8393	71.2589
YLR453C_mRNA	YLR453C	12	1188	722.0	0.6077	0.0	127.5	0.3333	0.0	185.0	0.3333	16.0833	220.6667
YLR454W_mRNA	YLR454W	96	8117	560.0	0.069	1486.5	7321.5	0.0	3.0	20.0	0.125	2.3333	50.6562
YLR455W_mRNA	YLR455W	207	1667	585.0	0.3509	60.3	978.0	0.0	54.0	88.0	0.0338	3.4638	44.57
YLR456W_mRNA	YLR456W	120	791	526.5	0.6656	7.0	117.0	0.125	11.4	85.5	0.05	2.8417	42.25
YLR457C_mRNA	YLR457C	32	1492	671.5	0.4501	342.0	724.0	0.0	0.0	1.5	0.6562	1.9062	39.625
YLR459W_mRNA	YLR459W	113	1519	432.0	0.2844	27.0	872.0	0.0	6.6	248.0	0.0619	3.5133	73.2832
YLR460C_mRNA	YLR460C	84	1572	463.5	0.2948	149.0	950.5	0.0119	157.0	174.0	0.0238	1.2262	49.1667
YLR464W_mRNA	YLR464W	1	651	219.0	0.3364	190.0	190.0	0.0	242.0	242.0	0.0	0.0	6.0
YLR466W_mRNA	YLR466W	72	4654	422.0	0.0907	2583.1	4199.5	0.0	0.0	2.0	0.8194	1.6389	44.9306
YLR467W_mRNA	YLR467W	56	5849	339.0	0.058	711.5	5105.0	0.0	210.0	214.0	0.0	3.1786	41.5179
YML001W_mRNA	YML001W	570	989	761.5	0.77	143.45	171.5	0.0035	17.0	56.0	0.0421	3.4211	46.1544
YML002W_mRNA	YML002W	88	2918	630.0	0.2159	0.35	2156.5	0.0682	0.0	1.0	0.8523	22.6932	50.375
YML003W_mRNA	YML003W	10	1557	415.5	0.2669	68.75	588.0	0.0	0.0	4.0	0.6	2.4	57.3
YML004C_mRNA	YML004C	472	1317	811.0	0.6158	189.0	485.5	0.0021	0.0	9.0	0.7288	2.7352	54.9216
YML005W_mRNA	YML005W	105	1574	663.0	0.4212	95.0	823.0	0.0381	13.0	21.0	0.0476	3.8762	54.4857
YML006C_mRNA	YML006C	123	2614	623.0	0.2383	336.4	1922.0	0.0081	0.0	5.0	0.7073	1.6016	52.2764
YML007C-A_mRNA	YML007C-A	2	631	210.0	0.3328	392.95	401.5	0.0	9.15	19.5	0.5	0.0	94.5
YML007W_mRNA	YML007W	219	2375	521.0	0.2194	188.7	1754.0	0.0183	0.0	41.0	0.1735	7.3288	44.4795
YML008C_mRNA	YML008C	699	1531	609.0	0.3978	242.9	896.0	0.0029	0.0	14.0	0.2031	2.0758	47.4449
YML009C_mRNA	YML009C	280	549	398.0	0.725	15.95	35.0	0.0179	0.0	104.5	0.1321	4.8357	35.575
YML009W-B_mRNA	YML009W-B	206	2615	432.5	0.1654	970.25	2109.0	0.0	0.0	74.0	0.0971	2.9175	44.6699
YML010W_mRNA	YML010W	77	3471	616.0	0.1775	620.6	2733.0	0.0	0.0	7.0	0.5844	2.8312	46.026
YML011C_mRNA	YML011C	85	754	535.0	0.7095	27.2	159.0	0.0	0.0	36.0	0.2941	2.2588	42.1765
YML012W_mRNA	YML012W	564	2195	459.0	0.2091	1164.1	1721.0	0.0	0.0	4.0	0.7872	1.6702	56.8245
YML013W_mRNA	YML013W	364	3654	493.5	0.1351	912.2	3005.0	0.0137	0.0	2.5	0.6648	2.3901	42.5687
YML014W_mRNA	YML014W	21	985	609.0	0.6183	31.0	374.0	0.0	1.0	2.0	0.9048	3.0476	39.2381
YML015C_mRNA	YML015C	49	1224	496.0	0.4052	51.0	709.0	0.0	0.0	5.0	0.6122	2.1429	48.6327
YML016C_mRNA	YML016C	171	2498	333.0	0.1333	2.5	1513.0	0.1813	0.0	38.0	0.1988	3.6725	58.2105
YML017W_mRNA	YML017W	80	2184	346.0	0.1584	73.3	1810.0	0.025	0.0	1.0	0.8	14.2	74.475
YML018C_mRNA	YML018C	133	1538	486.0	0.316	37.0	918.0	0.0075	66.0	77.0	0.0	7.812	49.4211
YML019W_mRNA	YML019W	178	1341	743.0	0.5541	28.0	554.0	0.0056	2.0	27.0	0.2921	2.8371	46.1461
YML020W_mRNA	YML020W	45	2349	472.0	0.2009	446.2	1853.0	0.0	0.0	3.0	0.6667	1.6222	71.8667
YML021C_mRNA	YML021C	67	1293	996.0	0.7703	49.3	232.0	0.0	15.0	41.0	0.0448	4.1343	41.6866
YML022W_mRNA	YML022W	1974	1115	708.0	0.635	9.0	46.0	0.0669	273.0	323.0	0.0	2.6388	49.1054
YML023C_mRNA	YML023C	63	1809	578.0	0.3195	33.1	1069.0	0.0159	0.1	15.0	0.1905	12.5556	53.3492
YML024W_mRNA	YML024W	12512	701	482.5	0.6883	26.0	39.0	0.0121	115.0	138.5	0.0028	3.081	39.2154
YML025C_mRNA	YML025C	52	1049	403.0	0.3842	4.75	496.0	0.0769	22.65	37.0	0.0	4.1923	30.7115
YML026C_mRNA	YML026C	12199	928	625.0	0.6735	41.0	65.0	0.0088	191.0	227.0	0.0001	2.1924	40.766
YML027W_mRNA	YML027W	24	1398	429.0	0.3069	139.75	922.0	0.0	0.0	39.5	0.2083	1.2917	70.5
YML028W_mRNA	YML028W	1898	1766	693.0	0.3924	1036.0	1058.0	0.0005	0.0	12.0	0.4968	4.6354	45.3872
YML029W_mRNA	YML029W	32	2922	874.0	0.2991	16.2	1836.5	0.0312	0.0	47.0	0.1562	4.0938	53.75
YML030W_mRNA	YML030W	100	811	382.5	0.4716	73.95	363.5	0.0	0.0	14.0	0.36	1.67	43.18
YML031W_mRNA	YML031W	70	2120	494.0	0.233	63.0	1615.0	0.0	0.0	2.5	0.6857	1.6714	46.7857
YML032C_mRNA	YML032C	55	1754	821.0	0.4681	19.5	840.0	0.0182	0.0	118.0	0.2909	1.9091	43.4545
YML034W_mRNA	YML034W	173	2815	550.0	0.1954	1300.0	2217.0	0.0	0.0	13.0	0.3121	5.2428	54.0578
YML035C_mRNA	YML035C	168	2828	445.0	0.1574	5.05	2261.5	0.0714	0.0	63.0	0.2976	3.2976	53.1071
YML036W_mRNA	YML036W	178	1255	601.0	0.4789	609.8	646.0	0.0	0.0	5.0	0.7921	2.9494	57.0674
YML037C_mRNA	YML037C	1	1023	638.0	0.6237	385.0	385.0	0.0	0.0	0.0	1.0	4.0	182.0
YML038C_mRNA	YML038C	183	2264	473.0	0.2089	646.4	1768.0	0.0109	0.0	3.0	0.7432	6.3443	41.1421
YML039W_mRNA	YML039W	2267	5268	1066.0	0.2024	2448.8	4149.0	0.0031	0.0	0.0	0.8531	2.6608	320.1376
YML041C_mRNA	YML041C	99	1008	595.0	0.5903	15.6	413.0	0.0404	0.0	0.0	0.8283	2.8586	47.697
YML042W_mRNA	YML042W	49	2262	431.0	0.1905	1050.0	1828.0	0.0	0.0	0.0	0.8776	2.0816	67.2857
YML043C_mRNA	YML043C	33	1849	603.0	0.3261	139.2	1217.0	0.0	0.0	27.0	0.1515	4.6061	49.3939
YML045W-A_mRNA	YML045W-A	1	1323	202.0	0.1527	0.0	0.0	1.0	1121.0	1121.0	0.0	37.0	70.0
YML045W_mRNA	YML045W	1367	5268	695.0	0.1319	1799.2	4489.0	0.0022	0.0	0.0	0.8742	2.8317	324.6277
YML046W_mRNA	YML046W	120	2134	640.0	0.2999	73.15	1482.5	0.0333	0.0	5.0	0.6667	2.5	60.2833
YML047W-A_mRNA	YML047W-A	1	412	289.0	0.7015	22.0	22.0	0.0	101.0	101.0	0.0	114.0	7.0
YML048W_mRNA	YML048W	310	1603	568.0	0.3543	13.0	925.5	0.0161	3.0	157.0	0.1968	2.4839	50.7806
YML049C_mRNA	YML049C	101	4207	420.0	0.0998	1661.0	3713.0	0.0	0.0	11.0	0.4851	1.2871	46.3564
YML050W_mRNA	YML050W	35	1079	524.0	0.4856	9.7	546.0	0.0857	0.0	8.0	0.6857	2.0	46.0
YML051W_mRNA	YML051W	67	1569	509.0	0.3244	63.6	992.0	0.0	1.0	41.0	0.2537	1.7463	42.9701
YML052W_mRNA	YML052W	130	1111	828.5	0.7457	8.9	180.0	0.0615	58.0	69.0	0.0	2.6846	50.0308
YML053C_mRNA	YML053C	94	1027	708.5	0.6899	155.95	244.0	0.0106	0.0	4.0	0.7128	6.1702	55.9787
YML054C_mRNA	YML054C	28	1903	581.0	0.3053	649.85	1311.0	0.0	0.0	5.0	0.6786	3.3571	45.8929
YML055W_mRNA	YML055W	241	823	580.0	0.7047	12.0	193.0	0.0207	1.0	47.0	0.083	4.1328	45.2448
YML056C_mRNA	YML056C	1373	1873	508.0	0.2712	124.0	1339.0	0.0	0.0	5.0	0.5899	4.6497	39.7611
YML057C-A_mRNA	YML057C-A	3	390	299.0	0.7667	29.8	91.0	0.0	0.2	2.0	0.6667	2.0	146.3333
YML057W_mRNA	YML057W	165	2036	458.0	0.225	42.0	1533.0	0.0121	1.0	22.0	0.2545	2.2727	54.2182
YML058W-A_mRNA	YML058W-A	32	390	363.0	0.9308	11.1	20.0	0.0625	0.0	7.0	1.0	2.4375	40.6562
YML058W_mRNA	YML058W	1023	724	558.0	0.7707	5.0	35.0	0.1398	96.0	122.0	0.0	2.9609	41.1535
YML059C_mRNA	YML059C	84	5593	657.5	0.1176	1774.45	4794.5	0.0	0.0	17.0	0.4643	1.8571	44.119
YML060W_mRNA	YML060W	58	1426	542.0	0.3801	21.8	813.5	0.0345	10.1	49.0	0.0517	1.4138	36.2414
YML061C_mRNA	YML061C	110	2823	440.5	0.156	872.6	2364.5	0.0	0.0	0.0	0.6727	1.0818	39.1455
YML062C_mRNA	YML062C	30	1359	192.5	0.1416	592.4	1108.0	0.0	1.35	50.5	0.2	1.2333	50.3
YML063W_mRNA	YML063W	15998	1104	807.0	0.731	228.0	251.0	0.0	0.0	27.0	0.3056	2.8835	43.4289
YML064C_mRNA	YML064C	59	1098	421.0	0.3834	33.0	595.0	0.0169	3.9	86.0	0.0678	2.2881	50.4237
YML065W_mRNA	YML065W	66	3430	472.5	0.1378	2530.5	2948.0	0.0	0.0	1.0	0.8485	1.9394	58.2273
YML067C_mRNA	YML067C	330	1358	857.0	0.6311	5.0	241.5	0.1121	183.0	241.0	0.0121	3.1848	37.203
YML068W_mRNA	YML068W	51	1654	760.0	0.4595	43.0	838.0	0.0196	15.0	71.0	0.0196	2.2549	60.0196
YML069W_mRNA	YML069W	51	1825	327.0	0.1792	443.0	1343.0	0.0	0.5	13.0	0.451	5.2157	52.2549
YML070W_mRNA	YML070W	240	2088	447.0	0.2141	241.55	1632.0	0.0	1.0	5.5	0.5667	3.2792	46.5458
YML071C_mRNA	YML071C	49	1999	473.0	0.2366	9.2	1505.0	0.0612	0.0	0.0	0.7755	11.4082	34.7551
YML072C_mRNA	YML072C	255	5122	626.0	0.1222	1811.4	4330.0	0.0118	4.0	17.0	0.3098	3.2118	47.1098
YML073C_mRNA	YML073C	7025	3251	528.0	0.1624	32.0	130.0	0.0013	2576.0	2591.0	0.0	2.2574	43.7959
YML074C_mRNA	YML074C	345	1443	420.0	0.2911	670.6	971.0	0.0	42.0	50.0	0.0029	1.7623	51.0464
YML075C_mRNA	YML075C	229	4196	861.0	0.2052	853.0	3212.0	0.0044	0.0	8.0	0.5677	2.559	67.5808
YML076C_mRNA	YML076C	187	3806	296.0	0.0778	57.7	368.0	0.0214	10.0	3226.0	0.0642	4.246	50.8824
YML077W_mRNA	YML077W	249	672	592.0	0.881	20.4	77.0	0.008	0.0	2.0	0.8675	4.8394	47.6546
YML078W_mRNA	YML078W	324	1622	528.0	0.3255	0.0	745.0	0.1204	150.3	185.0	0.0	2.5802	49.0463
YML079W_mRNA	YML079W	328	1485	638.5	0.43	24.4	769.0	0.0091	1.0	32.0	0.2317	2.3201	48.6555
YML080W_mRNA	YML080W	70	1530	648.5	0.4239	20.45	836.0	0.0286	29.0	40.0	0.0143	2.6714	50.8429
YML081C-A_mRNA	YML081C-A	990	533	315.5	0.5919	199.0	214.0	0.002	0.0	0.0	0.9414	1.6859	67.5879
YML081W_mRNA	YML081W	175	3970	455.0	0.1146	1545.5	3454.0	0.0057	0.0	7.0	0.6229	2.1143	48.84
YML082W_mRNA	YML082W	49	2199	387.0	0.176	570.8	1800.0	0.0	3.2	34.0	0.102	1.6939	43.4694
YML083C_mRNA	YML083C	8	4394	806.0	0.1834	1790.5	2123.0	0.0	244.8	1677.0	0.0	2.875	14.625
YML085C_mRNA	YML085C	231	1582	762.0	0.4817	22.0	726.0	0.0	0.0	22.0	0.29	2.8788	54.4459
YML086C_mRNA	YML086C	276	1872	349.0	0.1864	88.0	1518.0	0.0	0.0	5.0	0.8551	2.4964	44.1449
YML087C_mRNA	YML087C	15	1136	281.0	0.2474	93.1	855.0	0.0	0.0	9.0	0.5333	0.8667	35.7333
YML088W_mRNA	YML088W	100	2190	348.0	0.1589	13.9	1736.5	0.04	27.95	92.0	0.05	4.35	40.28
YML089C_mRNA	YML089C	1	369	93.0	0.252	0.0	0.0	1.0	276.0	276.0	0.0	125.0	4.0
YML091C_mRNA	YML091C	167	4019	609.0	0.1515	85.3	3045.0	0.006	0.0	18.0	0.3353	2.8623	47.4371
YML092C_mRNA	YML092C	347	995	797.0	0.801	113.0	175.0	0.0	0.0	8.0	0.5331	2.268	54.2161
YML093W_mRNA	YML093W	230	2924	436.5	0.1493	1669.45	2450.5	0.0	1.0	53.0	0.213	3.5217	41.5478
YML094W_mRNA	YML094W	216	1238	571.0	0.4612	634.0	660.0	0.0	0.0	1.0	0.8519	3.5509	65.287
YML095C_mRNA	YML095C	35	1657	770.0	0.4647	0.7	63.0	0.1714	2.4	764.0	0.0857	1.9143	53.8571
YML096W_mRNA	YML096W	50	1853	893.0	0.4819	38.35	697.5	0.0	22.0	112.0	0.02	1.64	42.26
YML097C_mRNA	YML097C	134	1498	688.0	0.4593	40.45	800.5	0.0	0.0	8.0	0.6642	1.5746	42.7612
YML098W_mRNA	YML098W	59	1121	367.0	0.3274	41.0	361.0	0.0169	19.1	380.0	0.0339	1.0339	39.1186
YML099C_mRNA	YML099C	24	2858	409.5	0.1433	894.75	2355.0	0.0	0.0	28.5	0.2083	1.3333	77.7917
YML100W-A_mRNA	YML100W-A	14	1732	324.0	0.1871	315.0	801.5	0.0	3.65	797.0	0.2857	3.5714	37.5
YML100W_mRNA	YML100W	196	3824	553.0	0.1446	75.25	3031.5	0.0102	0.75	15.0	0.3214	3.102	48.0051
YML101C-A_mRNA	YML101C-A	30	1933	361.5	0.187	24.9	119.0	0.0	1447.35	1451.5	0.0	1.6	39.9333
YML101C_mRNA	YML101C	26	535	352.0	0.6579	39.5	131.5	0.0	32.0	35.0	0.0	2.4615	46.8077
YML102W_mRNA	YML102W	7	1881	617.0	0.328	684.3	1263.0	0.0	1.0	1.0	0.7143	6.1429	51.7143
YML103C_mRNA	YML103C	224	5101	569.0	0.1115	2102.2	4458.5	0.0045	0.0	33.0	0.3884	2.0625	43.692
YML104C_mRNA	YML104C	60	3505	307.0	0.0876	696.25	3157.0	0.0	0.0	15.5	0.3167	2.8	72.4167
YML105C_mRNA	YML105C	382	1007	562.5	0.5586	60.1	425.5	0.0	0.0	18.0	0.3246	1.7173	41.3534
YML106W_mRNA	YML106W	1009	2226	517.0	0.2323	1202.0	1699.0	0.0	0.0	0.0	0.9029	2.2577	103.3518
YML107C_mRNA	YML107C	63	1146	768.0	0.6702	11.0	276.0	0.0159	81.0	100.0	0.0476	2.381	53.9048
YML108W_mRNA	YML108W	332	1071	536.5	0.5009	40.55	87.5	0.0151	424.0	456.0	0.0	2.6867	41.8343
YML109W_mRNA	YML109W	35	2984	349.0	0.117	1376.7	2635.0	0.0	0.0	1.0	0.8	2.1143	49.2286
YML110C_mRNA	YML110C	301	1712	644.0	0.3762	13.0	513.0	0.0465	451.0	482.0	0.0	2.1495	38.6545
YML111W_mRNA	YML111W	86	3018	719.0	0.2382	310.25	2086.0	0.0465	0.0	10.0	0.5349	5.9419	57.7326
YML112W_mRNA	YML112W	57	1053	471.0	0.4473	42.0	561.0	0.0	9.2	21.0	0.0702	1.8246	45.386
YML113W_mRNA	YML113W	84	1233	551.0	0.4469	334.0	667.5	0.0	0.15	14.0	0.4048	3.3333	47.3452
YML114C_mRNA	YML114C	32	1787	414.5	0.232	169.1	1171.0	0.0312	0.0	6.0	0.6875	1.375	45.0312
YML115C_mRNA	YML115C	133	1933	442.0	0.2287	32.2	1346.0	0.0	0.0	197.0	0.1353	2.3609	34.2782
YML116W-A_mRNA	YML116W-A	77	2489	412.0	0.1655	1197.8	2060.0	0.0	0.0	1.0	0.7662	1.6753	51.5844
YML116W_mRNA	YML116W	181	1997	535.0	0.2679	9.0	1034.0	0.0718	130.0	161.0	0.0166	2.4862	46.895
YML117W_mRNA	YML117W	76	3711	511.0	0.1377	680.5	2973.0	0.0132	0.0	3.0	0.75	4.0263	64.6974
YML118W_mRNA	YML118W	10	1853	436.5	0.2356	5.85	1143.0	0.1	118.9	170.0	0.0	8.6	44.5
YML119W_mRNA	YML119W	59	1600	392.0	0.245	60.5	1100.0	0.0339	0.0	4.0	0.661	4.0	52.7966
YML120C_mRNA	YML120C	222	2100	665.5	0.3169	110.0	1321.5	0.0135	33.0	60.0	0.018	9.3423	50.4279
YML121W_mRNA	YML121W	130	1339	620.0	0.463	85.0	611.0	0.0	25.2	122.0	0.0462	1.8	43.2923
YML123C_mRNA	YML123C	1614	2028	482.0	0.2377	92.0	1456.0	0.0	0.0	16.0	0.3916	2.7261	55.9579
YML124C_mRNA	YML124C	225	1529	542.0	0.3545	31.0	975.0	0.0	7.2	13.0	0.32	4.9822	45.0711
YML125C_mRNA	YML125C	315	1203	611.0	0.5079	26.0	435.0	0.0127	104.0	148.0	0.0	1.8286	37.4381
YML126C_mRNA	YML126C	643	1690	757.0	0.4479	65.0	824.0	0.0	0.0	21.0	0.339	2.972	53.3406
YML127W_mRNA	YML127W	111	2002	502.0	0.2507	58.5	1429.0	0.0	8.0	48.0	0.1441	1.7387	38.8288
YML128C_mRNA	YML128C	141	1894	540.0	0.2851	142.0	1322.0	0.0	0.0	5.0	0.6667	3.0567	56.6312
YML129C_mRNA	YML129C	136	573	408.0	0.712	19.0	33.0	0.0	13.0	132.0	0.0515	1.625	45.7206
YML130C_mRNA	YML130C	1270	1906	568.0	0.298	116.0	1277.0	0.0	0.0	6.0	0.7244	2.8976	48.026
YML131W_mRNA	YML131W	165	1458	651.0	0.4465	53.0	678.0	0.0	72.0	91.0	0.0121	2.4182	46.5515
YML132W_mRNA	YML132W	168	1216	357.5	0.294	9.7	856.0	0.0536	0.0	0.0	0.8036	19.7262	53.2262
YML133C_mRNA	YML133C	29	4696	387.0	0.0824	403.4	3926.0	0.069	381.0	394.0	0.0	7.5172	38.6897
YMR001C_mRNA	YMR001C	60	2697	491.0	0.1821	0.0	1971.0	0.1333	2.95	69.0	0.0833	2.15	45.0
YMR002W_mRNA	YMR002W	475	1024	576.0	0.5625	238.0	433.0	0.0021	0.0	9.0	0.6547	2.3811	46.0358
YMR003W_mRNA	YMR003W	93	723	651.0	0.9004	9.0	31.0	0.0753	1.6	14.0	0.3226	2.2151	42.2258
YMR004W_mRNA	YMR004W	133	1783	485.0	0.272	59.0	1279.0	0.0	0.0	6.0	0.8045	1.6767	47.4511
YMR005W_mRNA	YMR005W	134	1380	376.5	0.2728	23.65	908.0	0.0149	11.0	58.0	0.0373	2.9478	35.2239
YMR006C_mRNA	YMR006C	204	2370	493.0	0.208	96.15	1807.0	0.0196	0.0	1.0	0.8824	4.6961	54.3725
YMR007W_mRNA	YMR007W	13	584	507.0	0.8682	10.2	21.0	0.0769	0.6	46.0	0.1538	1.0	43.6923
YMR008C-A_mRNA	YMR008C-A	1	1134	870.0	0.7672	250.0	250.0	0.0	14.0	14.0	0.0	8.0	92.0
YMR008C_mRNA	YMR008C	349	3207	722.0	0.2251	709.4	2275.0	0.0	5.0	132.0	0.1834	2.5186	49.0057
YMR009W_mRNA	YMR009W	281	1924	567.0	0.2947	74.0	414.0	0.0463	578.0	940.0	0.0	7.3132	40.1388
YMR010W_mRNA	YMR010W	160	2023	487.5	0.241	160.95	1140.5	0.0	14.0	321.0	0.025	2.3188	37.6562
YMR011W_mRNA	YMR011W	988	1893	586.5	0.3098	7.0	1156.5	0.1802	87.0	124.0	0.0051	2.9049	53.5213
YMR012W_mRNA	YMR012W	661	4102	501.0	0.1221	467.0	3545.0	0.0091	2.0	21.0	0.2421	3.2179	47.3812
YMR013C-A_mRNA	YMR013C-A	9	1600	1134.0	0.7088	4.0	77.0	0.2222	0.0	3.0	0.5556	18.0	91.4444
YMR013C_mRNA	YMR013C	80	1919	515.0	0.2684	224.95	1315.0	0.025	0.0	3.0	0.7375	12.025	105.175
YMR013W-A_mRNA	YMR013W-A	396	1119	153.0	0.1367	0.0	233.0	0.1692	145.0	632.0	0.0	25.2096	40.8763
YMR014W_mRNA	YMR014W	89	1986	200.0	0.1007	0.0	1432.0	0.4045	0.0	26.0	0.2809	2.1685	43.0674
YMR015C_mRNA	YMR015C	344	1974	449.0	0.2275	131.0	1486.0	0.0087	2.0	18.5	0.3663	3.2384	42.4186
YMR016C_mRNA	YMR016C	84	2724	324.0	0.1189	0.0	2305.5	0.1548	0.0	11.5	0.3452	17.7381	48.1786
YMR017W_mRNA	YMR017W	9	2134	390.0	0.1828	1.6	1744.0	0.2222	0.0	0.0	0.6667	156.5556	111.0
YMR018W_mRNA	YMR018W	5	1974	308.0	0.156	804.4	1512.0	0.0	2.6	5.0	0.6	0.0	48.6
YMR019W_mRNA	YMR019W	59	3296	478.0	0.145	461.8	2740.0	0.0	1.0	11.0	0.4576	1.7458	52.2712
YMR020W_mRNA	YMR020W	133	1890	644.0	0.3407	241.0	1226.0	0.0	0.0	10.0	0.5038	1.6617	53.6917
YMR021C_mRNA	YMR021C	136	1600	416.5	0.2603	150.0	1163.5	0.0	5.0	11.0	0.2574	2.3603	42.2353
YMR022W_mRNA	YMR022W	445	1165	551.0	0.473	529.0	589.0	0.0	0.0	14.0	0.3933	2.2427	47.7393
YMR023C_mRNA	YMR023C	51	1678	462.0	0.2753	33.5	1161.0	0.0392	0.0	8.0	0.7843	2.1176	52.3725
YMR024W_mRNA	YMR024W	100	1376	464.0	0.3372	44.9	863.5	0.0	0.0	52.0	0.11	1.97	48.52
YMR025W_mRNA	YMR025W	34	995	641.5	0.6447	16.7	223.0	0.0588	30.4	54.0	0.0588	2.4412	52.6765
YMR026C_mRNA	YMR026C	53	1466	385.0	0.2626	85.8	1068.0	0.0	0.0	3.0	0.8679	1.6038	55.283
YMR027W_mRNA	YMR027W	261	1637	489.0	0.2987	41.0	1093.0	0.0	31.0	52.0	0.0268	5.3295	49.6782
YMR028W_mRNA	YMR028W	32	1250	688.5	0.5508	24.55	270.5	0.0312	0.0	40.0	0.25	1.4375	43.25
YMR029C_mRNA	YMR029C	169	1874	553.0	0.2951	24.6	1114.0	0.0118	156.0	178.0	0.0118	2.568	51.7988
YMR030W-A_mRNA	YMR030W-A	19	1499	527.0	0.3516	269.5	550.0	0.0	357.4	400.0	0.0	1.6842	48.5263
YMR030W_mRNA	YMR030W	40	1429	392.5	0.2747	252.3	1033.5	0.0	0.0	2.0	0.775	1.275	47.3
YMR031C_mRNA	YMR031C	89	2773	407.0	0.1468	831.0	2284.0	0.0225	0.0	5.0	0.7865	2.6966	51.8876
YMR032W_mRNA	YMR032W	10	2267	781.0	0.3445	742.65	1479.0	0.0	1.45	3.0	0.7	1.9	50.5
YMR033W_mRNA	YMR033W	234	1670	525.5	0.3147	10.0	1046.5	0.094	2.0	68.0	0.0897	3.4915	44.4573
YMR034C_mRNA	YMR034C	29	2062	462.0	0.2241	555.8	1342.0	0.0	0.0	9.0	0.7241	3.5517	43.8276
YMR035W_mRNA	YMR035W	135	890	566.0	0.636	39.0	170.0	0.0074	105.0	147.0	0.0	2.6667	47.5111
YMR036C_mRNA	YMR036C	22	1865	659.0	0.3534	116.85	1084.0	0.0	0.0	0.0	0.8636	0.4545	36.9091
YMR037C_mRNA	YMR037C	84	2820	583.0	0.2067	342.4	2230.0	0.0119	0.0	5.0	0.6071	9.1667	50.9286
YMR038C_mRNA	YMR038C	504	1206	742.5	0.6157	17.0	133.0	0.0079	288.0	298.0	0.004	2.6766	41.8492
YMR039C_mRNA	YMR039C	282	1263	482.0	0.3816	93.2	751.0	0.0	0.0	21.0	0.1879	2.078	45.3511
YMR040W_mRNA	YMR040W	107	979	462.0	0.4719	28.7	333.0	0.0093	0.0	240.0	0.3925	2.4393	49.6636
YMR041C_mRNA	YMR041C	64	1386	494.0	0.3564	29.45	768.5	0.0469	0.0	7.0	0.6094	14.2969	55.0469
YMR042W_mRNA	YMR042W	52	1182	386.0	0.3266	58.65	762.5	0.0192	0.0	36.5	0.4808	18.6731	63.1154
YMR043W_mRNA	YMR043W	158	1591	700.5	0.4403	67.15	698.0	0.0316	0.0	3.0	0.6772	3.3734	72.5949
YMR044W_mRNA	YMR044W	141	1689	408.0	0.2416	645.0	1260.0	0.0	1.0	19.0	0.3617	2.7234	46.3546
YMR045C_mRNA	YMR045C	2053	5268	848.0	0.161	1534.2	4338.0	0.0102	0.0	0.0	0.8612	3.1023	320.8763
YMR046C_mRNA	YMR046C	11	1323	511.0	0.3862	0.0	182.0	0.4545	145.0	531.0	0.0	56.5455	55.3636
YMR046W-A_mRNA	YMR046W-A	584	837	369.5	0.4415	23.6	284.0	0.0411	27.0	182.0	0.0154	19.4606	84.4863
YMR047C_mRNA	YMR047C	162	3519	351.0	0.0997	2226.0	3158.0	0.0	0.05	12.0	0.4136	2.5926	48.5123
YMR048W_mRNA	YMR048W	16	1098	668.0	0.6084	12.0	409.5	0.0	3.75	10.0	0.5625	0.5625	31.75
YMR049C_mRNA	YMR049C	339	2670	393.0	0.1472	274.2	2168.0	0.0	5.0	115.0	0.0826	1.9735	40.0383
YMR050C_mRNA	YMR050C	586	5268	533.0	0.1012	1211.25	4476.0	0.0068	0.0	0.0	0.7423	3.099	281.1041
YMR051C_mRNA	YMR051C	1	1323	691.0	0.5223	2.0	2.0	1.0	630.0	630.0	0.0	45.0	4.0
YMR052C-A_mRNA	YMR052C-A	10	1379	398.0	0.2886	161.7	802.0	0.0	1.0	179.0	0.3	0.7	37.8
YMR052W_mRNA	YMR052W	44	1397	673.5	0.4821	11.0	229.0	0.0455	68.0	621.5	0.0	1.4773	21.5682
YMR053C_mRNA	YMR053C	24	3046	541.0	0.1776	1260.95	1876.0	0.0	4.0	335.0	0.2917	1.375	35.7083
YMR054W_mRNA	YMR054W	169	3002	563.0	0.1875	60.4	2354.0	0.0059	3.0	5.0	0.6864	2.3787	48.9172
YMR055C_mRNA	YMR055C	23	1050	419.0	0.399	26.5	607.0	0.0	0.0	2.0	0.5217	1.6957	29.913
YMR056C_mRNA	YMR056C	24	1176	524.0	0.4456	151.65	567.5	0.0	1.3	9.5	0.625	2.2917	43.75
YMR058W_mRNA	YMR058W	92	2213	444.5	0.2009	96.05	1673.5	0.0435	89.0	106.0	0.0	2.7391	42.8587
YMR059W_mRNA	YMR059W	131	1241	491.0	0.3956	10.0	38.0	0.0611	646.0	710.0	0.0	5.3206	37.7405
YMR060C_mRNA	YMR060C	68	1064	884.0	0.8308	24.0	42.0	0.0147	0.0	7.0	0.5588	4.1471	51.0147
YMR061W_mRNA	YMR061W	238	2215	619.5	0.2797	3.0	1338.5	0.0966	14.55	111.0	0.0462	4.1597	47.1597
YMR062C_mRNA	YMR062C	515	1692	628.0	0.3712	46.0	753.0	0.0058	152.8	181.0	0.0039	2.5922	48.8097
YMR064W_mRNA	YMR064W	125	2527	484.0	0.1915	893.0	2034.0	0.024	0.0	5.0	0.568	7.928	68.76
YMR065W_mRNA	YMR065W	40	1621	645.5	0.3982	187.95	873.5	0.0	1.95	12.0	0.475	1.25	60.175
YMR066W_mRNA	YMR066W	60	3009	474.0	0.1575	254.95	2504.0	0.0	0.0	9.0	0.5667	2.75	42.7167
YMR067C_mRNA	YMR067C	81	1399	451.0	0.3224	23.0	840.0	0.0	6.0	77.0	0.1728	4.1852	50.0988
YMR068W_mRNA	YMR068W	16	1926	368.0	0.1911	0.0	1194.0	0.125	0.0	10.0	0.5625	3.125	52.625
YMR069W_mRNA	YMR069W	25	1772	431.0	0.2432	86.2	624.0	0.0	1.0	450.0	0.2	2.72	36.72
YMR070W_mRNA	YMR070W	124	1823	475.5	0.2608	11.0	1145.5	0.0484	2.0	78.0	0.2581	4.3145	57.8548
YMR071C_mRNA	YMR071C	331	677	593.0	0.8759	23.0	74.0	0.0181	0.0	9.0	0.7734	4.4471	47.864
YMR072W_mRNA	YMR072W	438	785	686.5	0.8745	43.0	78.0	0.0023	13.0	19.0	0.0137	1.8219	46.3219
YMR073C_mRNA	YMR073C	95	1155	481.0	0.4165	11.0	333.0	0.0211	190.3	414.0	0.0	3.5474	47.1263
YMR074C_mRNA	YMR074C	762	803	490.0	0.6102	292.0	298.0	0.0	0.0	0.0	0.6903	1.8373	60.1745
YMR075W_mRNA	YMR075W	121	3029	547.0	0.1806	422.0	2401.0	0.0165	1.0	6.0	0.8099	3.8678	40.8678
YMR076C_mRNA	YMR076C	35	4401	347.0	0.0788	576.7	3991.0	0.0286	0.7	8.0	0.5143	9.6286	46.5143
YMR077C_mRNA	YMR077C	135	1130	601.0	0.5319	158.7	456.0	0.0	0.0	76.0	0.0667	2.2667	45.963
YMR078C_mRNA	YMR078C	52	2414	533.5	0.221	162.45	1769.5	0.0192	43.5	75.0	0.0385	1.8269	48.3462
YMR079W_mRNA	YMR079W	362	1339	497.5	0.3715	64.0	747.5	0.0	0.0	38.5	0.3508	2.4171	42.7624
YMR080C_mRNA	YMR080C	444	3444	653.0	0.1896	1877.75	2726.0	0.0	0.0	28.0	0.0878	2.1239	51.8536
YMR081C_mRNA	YMR081C	95	1472	460.0	0.3125	80.0	903.0	0.0316	22.3	72.0	0.0421	4.7789	51.4316
YMR083W_mRNA	YMR083W	890	1832	583.0	0.3182	190.85	1146.0	0.018	0.0	4.0	0.7483	3.0157	46.5876
YMR085W_mRNA	YMR085W	146	2231	642.0	0.2878	13.25	1554.5	0.0479	0.0	0.0	0.8973	2.7397	93.8425
YMR086W_mRNA	YMR086W	37	3085	395.0	0.128	72.0	2601.0	0.027	1.0	2.0	0.6216	1.2162	39.4595
YMR087W_mRNA	YMR087W	145	2663	493.0	0.1851	582.6	1555.0	0.0	1.0	566.0	0.4069	1.6345	42.8966
YMR088C_mRNA	YMR088C	196	1969	444.0	0.2255	55.0	1475.0	0.0306	26.0	38.0	0.0357	3.0459	51.5714
YMR089C_mRNA	YMR089C	185	2917	391.0	0.134	793.4	2489.0	0.0054	0.0	0.0	0.6919	2.0054	54.6216
YMR090W_mRNA	YMR090W	162	1585	577.5	0.3644	608.4	942.0	0.0	0.0	56.0	0.1975	2.2654	41.0309
YMR091C_mRNA	YMR091C	189	1551	525.0	0.3385	136.4	884.0	0.0	95.0	113.0	0.0265	2.0053	44.3122
YMR092C_mRNA	YMR092C	343	2035	592.0	0.2909	20.0	1387.0	0.0146	5.3	40.0	0.0875	4.6356	44.7318
YMR093W_mRNA	YMR093W	142	1727	509.5	0.295	62.0	1191.5	0.0	0.0	13.0	0.2465	2.9789	45.2042
YMR094W_mRNA	YMR094W	4	2209	532.5	0.2411	75.9	600.5	0.25	257.45	1042.5	0.0	3.75	28.75
YMR095C_mRNA	YMR095C	2	675	641.5	0.9504	1.4	14.0	0.5	2.85	19.5	0.5	1.0	280.5
YMR096W_mRNA	YMR096W	59	2992	574.0	0.1918	1821.6	2329.0	0.0	0.0	81.0	0.1695	1.9492	44.5932
YMR097C_mRNA	YMR097C	71	1258	501.0	0.3983	13.0	707.0	0.0423	12.0	49.0	0.0563	3.2254	44.3521
YMR098C_mRNA	YMR098C	106	2017	664.5	0.3294	67.5	1323.5	0.0	0.0	25.5	0.4245	4.1038	60.9623
YMR099C_mRNA	YMR099C	424	1213	617.0	0.5087	18.3	353.5	0.0118	27.15	206.0	0.0047	2.1887	47.2453
YMR100W_mRNA	YMR100W	66	2406	526.5	0.2188	0.0	1418.5	0.2121	0.0	11.0	0.4848	4.3788	50.3333
YMR101C_mRNA	YMR101C	7	1213	750.0	0.6183	447.0	459.0	0.0	0.0	4.0	0.8571	1.0	69.7143
YMR102C_mRNA	YMR102C	215	2967	491.0	0.1655	275.5	2420.0	0.0	0.0	3.0	0.8651	1.9535	51.0698
YMR103C_mRNA	YMR103C	33	1591	495.0	0.3111	557.6	1074.0	0.0	0.0	6.0	0.6061	3.0606	42.8182
YMR104C_mRNA	YMR104C	142	3032	563.5	0.1859	599.4	2426.0	0.0	0.0	11.5	0.4859	2.9789	46.6761
YMR105C_mRNA	YMR105C	230	2650	490.0	0.1849	741.45	2131.0	0.0	0.0	4.0	0.7391	1.9739	50.1913
YMR106C_mRNA	YMR106C	18	2550	612.0	0.24	37.4	1449.5	0.0556	287.3	483.0	0.0556	12.2222	32.8889
YMR107W_mRNA	YMR107W	18	460	441.0	0.9587	4.25	19.0	0.2222	0.0	0.0	1.0	1.7778	105.0556
YMR108W_mRNA	YMR108W	2065	2524	502.0	0.1989	97.0	1908.0	0.0	4.0	26.0	0.247	2.5787	46.9932
YMR109W_mRNA	YMR109W	107	3784	377.0	0.0996	20.3	2982.0	0.0093	0.0	12.0	0.4766	2.8785	46.8785
YMR110C_mRNA	YMR110C	230	1769	721.0	0.4076	16.45	1003.5	0.0174	0.0	56.0	0.3217	3.0435	54.513
YMR111C_mRNA	YMR111C	41	1681	563.0	0.3349	76.0	1090.0	0.0244	0.0	16.0	0.4146	2.5854	45.0
YMR112C_mRNA	YMR112C	181	666	451.0	0.6772	178.0	203.0	0.0055	0.0	2.0	0.7403	4.0939	48.0663
YMR113W_mRNA	YMR113W	93	1578	575.0	0.3644	2.0	843.0	0.1398	0.0	3.0	0.5914	19.4409	44.6452
YMR114C_mRNA	YMR114C	31	1262	324.0	0.2567	391.0	923.0	0.0	0.0	8.0	0.5806	0.6774	44.4839
YMR115W_mRNA	YMR115W	133	1684	711.0	0.4222	167.8	958.0	0.0	1.2	13.0	0.391	1.7895	51.9098
YMR116C_mRNA	YMR116C	13761	1691	880.0	0.5204	490.0	704.0	0.0001	0.0	94.0	0.1853	3.0415	47.4959
YMR117C_mRNA	YMR117C	3	878	729.0	0.8303	71.9	116.0	0.0	33.3	36.0	0.0	0.6667	31.0
YMR118C_mRNA	YMR118C	20	928	638.5	0.688	238.0	283.5	0.0	0.0	5.0	0.85	2.15	74.6
YMR119W-A_mRNA	YMR119W-A	86	1989	379.0	0.1905	162.75	909.5	0.0233	574.0	694.5	0.0	3.3953	39.1163
YMR119W_mRNA	YMR119W	72	2207	518.0	0.2347	3.0	1434.5	0.0972	5.1	12.0	0.4722	5.3333	53.7639
YMR120C_mRNA	YMR120C	20	2064	787.5	0.3815	140.9	1193.0	0.0	2.0	31.0	0.4	2.45	55.0
YMR121C_mRNA	YMR121C	124	732	575.0	0.7855	4.3	152.0	0.1048	0.0	14.0	0.4355	3.4516	40.4435
YMR122W-A_mRNA	YMR122W-A	2100	1225	506.0	0.4131	692.0	699.0	0.0	0.0	17.0	0.351	2.2414	54.0948
YMR123W_mRNA	YMR123W	188	724	412.5	0.5698	0.0	36.0	0.2128	199.0	234.0	0.0106	2.9362	38.617
YMR124W_mRNA	YMR124W	194	3290	440.0	0.1337	1654.45	2831.0	0.0052	0.0	9.0	0.5567	2.0876	43.6289
YMR125W_mRNA	YMR125W	517	2923	571.0	0.1953	362.8	2335.0	0.0019	0.0	12.0	0.4758	2.6035	44.8646
YMR126C_mRNA	YMR126C	90	1447	394.0	0.2723	103.0	916.5	0.0111	0.0	7.0	0.5222	2.4444	48.6222
YMR127C_mRNA	YMR127C	72	1378	1032.5	0.7493	14.0	258.0	0.0139	39.65	49.0	0.0139	3.0556	51.7917
YMR128W_mRNA	YMR128W	96	4188	730.5	0.1744	2233.0	3387.5	0.0	2.0	23.0	0.3229	1.9583	47.8542
YMR129W_mRNA	YMR129W	182	4186	405.5	0.0969	890.65	3733.5	0.0055	0.0	11.0	0.478	2.8681	47.7198
YMR130W_mRNA	YMR130W	182	1146	634.0	0.5532	0.05	427.0	0.0879	5.0	68.0	0.2088	7.2967	49.8297
YMR131C_mRNA	YMR131C	662	2301	522.5	0.2271	418.85	1629.5	0.006	15.0	98.0	0.0468	2.136	43.1692
YMR132C_mRNA	YMR132C	96	1127	830.5	0.7369	10.0	100.0	0.0521	142.0	190.0	0.0104	1.8438	47.4167
YMR133W_mRNA	YMR133W	1	1287	231.0	0.1795	1056.0	1056.0	0.0	0.0	0.0	1.0	0.0	220.0
YMR134W_mRNA	YMR134W	92	1309	691.0	0.5279	226.0	455.0	0.0109	16.0	111.0	0.0	3.9674	52.1522
YMR135C_mRNA	YMR135C	68	1547	767.0	0.4958	29.5	766.5	0.0	0.0	6.0	0.8382	1.6618	52.9559
YMR136W_mRNA	YMR136W	92	1859	373.0	0.2006	109.75	1481.0	0.0217	1.0	10.0	0.5109	3.3913	41.9348
YMR137C_mRNA	YMR137C	27	2192	512.0	0.2336	169.0	1669.0	0.0	0.0	24.0	0.4074	1.8889	55.9259
YMR138W_mRNA	YMR138W	32	1079	625.5	0.5797	17.05	51.0	0.0625	339.3	395.0	0.0	6.5312	27.0938
YMR139W_mRNA	YMR139W	115	2170	424.0	0.1954	244.3	1511.0	0.0261	0.0	5.0	0.6609	3.7826	94.4261
YMR140W_mRNA	YMR140W	59	2362	751.0	0.318	13.6	1415.0	0.0508	8.0	28.0	0.1525	1.5424	53.8644
YMR141C_mRNA	YMR141C	1	1599	142.0	0.0888	1.0	1.0	1.0	1456.0	1456.0	0.0	106.0	52.0
YMR142C_mRNA	YMR142C	4439	2421	693.0	0.2862	1686.0	1707.0	0.0	0.0	16.0	0.4602	1.9863	35.0971
YMR143W_mRNA	YMR143W	12541	754	528.0	0.7003	150.0	164.0	0.0019	38.0	61.0	0.0103	1.7131	38.5563
YMR144W_mRNA	YMR144W	23	1432	861.0	0.6013	15.0	527.0	0.0	31.3	140.0	0.0	1.913	46.0435
YMR145C_mRNA	YMR145C	808	2254	447.0	0.1983	35.0	1558.0	0.005	19.0	210.5	0.0062	2.9443	44.4678
YMR146C_mRNA	YMR146C	1069	1263	481.0	0.3808	77.2	768.0	0.0	0.0	2.0	0.7437	2.0795	42.855
YMR147W_mRNA	YMR147W	22	1436	564.5	0.3931	0.5	734.5	0.1818	1.1	36.0	0.3182	6.4091	64.6818
YMR148W_mRNA	YMR148W	14	1506	339.5	0.2254	622.6	1130.0	0.0	1.0	23.0	0.5	3.7857	60.0714
YMR149W_mRNA	YMR149W	302	1828	501.0	0.2741	600.2	1270.0	0.0	0.0	1.0	0.8113	3.0662	52.2781
YMR150C_mRNA	YMR150C	207	1038	644.0	0.6204	309.3	358.0	0.0	0.0	33.0	0.1884	1.8937	76.9662
YMR151W_mRNA	YMR151W	4	438	245.0	0.5594	50.6	190.0	0.0	0.0	3.0	0.75	0.0	74.5
YMR152W_mRNA	YMR152W	129	1363	601.0	0.4409	54.4	658.0	0.0155	91.0	96.0	0.0078	7.5116	42.186
YMR153C-A_mRNA	YMR153C-A	10	3282	533.0	0.1624	378.6	1212.5	0.0	11.25	1547.5	0.1	2.9	23.1
YMR153W_mRNA	YMR153W	42	2266	883.5	0.3899	9.0	775.0	0.0952	394.7	664.5	0.0	3.2381	36.2143
YMR154C_mRNA	YMR154C	9	2409	1401.0	0.5816	6.0	888.0	0.1111	2.0	34.0	0.2222	15.3333	46.5556
YMR155W_mRNA	YMR155W	81	4687	495.0	0.1056	40.0	3588.0	0.0	0.0	43.0	0.1111	2.5926	81.0247
YMR156C_mRNA	YMR156C	26	973	419.5	0.4311	195.25	551.0	0.0385	0.0	0.0	0.9231	33.7308	56.6154
YMR157C_mRNA	YMR157C	79	974	577.0	0.5924	11.0	312.0	0.0253	30.0	54.0	0.0127	2.3418	40.9241
YMR158C-A_mRNA	YMR158C-A	53	1780	600.0	0.3371	31.6	1023.0	0.0	0.0	0.0	0.6415	4.0566	69.9811
YMR158W_mRNA	YMR158W	303	795	532.0	0.6692	187.1	250.0	0.0	0.0	1.0	0.6601	3.3168	48.0561
YMR160W_mRNA	YMR160W	25	2536	536.0	0.2114	101.6	1878.0	0.08	0.0	8.0	0.76	15.08	69.28
YMR161W_mRNA	YMR161W	574	1244	710.0	0.5707	196.8	470.5	0.0	0.0	10.0	0.5052	2.5366	49.9895
YMR162C_mRNA	YMR162C	72	5353	434.5	0.0812	786.7	4635.5	0.0	0.0	161.0	0.2222	1.6944	46.1944
YMR163C_mRNA	YMR163C	17	2322	299.0	0.1288	16.6	1957.0	0.0	0.0	14.0	0.4118	2.0	38.5882
YMR164C_mRNA	YMR164C	72	2795	397.0	0.142	0.0	2036.0	0.2222	0.0	57.5	0.3056	47.3611	42.4444
YMR165C_mRNA	YMR165C	66	2806	411.0	0.1465	19.5	2307.5	0.0606	0.0	21.0	0.2424	9.9545	41.4848
YMR166C_mRNA	YMR166C	54	1622	608.5	0.3752	86.75	999.0	0.0	9.0	20.0	0.0926	1.8333	44.8889
YMR167W_mRNA	YMR167W	23	3023	767.0	0.2537	293.0	1708.0	0.0435	0.0	520.0	0.2174	4.7391	27.0
YMR168C_mRNA	YMR168C	19	2459	914.0	0.3717	35.1	1099.0	0.0526	0.0	88.0	0.2105	4.4737	82.7368
YMR169C_mRNA	YMR169C	43	1838	276.0	0.1502	2.2	657.0	0.1163	0.0	22.0	0.4186	10.9767	47.3953
YMR170C_mRNA	YMR170C	44	1919	664.0	0.346	244.45	1148.5	0.0	0.0	16.0	0.2955	2.2727	66.3409
YMR171C_mRNA	YMR171C	62	2121	394.0	0.1858	186.2	1661.0	0.0	1.0	9.0	0.5484	2.0323	42.4516
YMR172W_mRNA	YMR172W	13	2267	301.0	0.1328	267.8	1963.0	0.0	1.2	3.0	0.8462	0.9231	74.4615
YMR173W-A_mRNA	YMR173W-A	316	1450	686.0	0.4731	1.0	706.0	0.1392	1.0	15.0	0.4684	1.6424	59.0
YMR173W_mRNA	YMR173W	321	1490	750.0	0.5034	41.0	664.0	0.0125	1.0	16.0	0.4486	4.7944	50.7632
YMR174C_mRNA	YMR174C	36	695	359.0	0.5165	266.75	314.0	0.0278	0.0	13.0	0.4444	2.2778	50.8611
YMR175W-A_mRNA	YMR175W-A	27	1019	348.0	0.3415	0.0	239.0	0.2222	136.2	464.0	0.0	8.5185	30.2963
YMR176W_mRNA	YMR176W	65	4420	514.0	0.1163	80.6	3699.0	0.0615	0.2	19.0	0.4154	7.4154	47.2615
YMR177W_mRNA	YMR177W	92	2281	485.5	0.2128	392.95	1732.0	0.0	14.0	30.0	0.0217	3.0217	53.4457
YMR178W_mRNA	YMR178W	276	1131	636.0	0.5623	15.75	259.5	0.0181	14.0	129.0	0.0471	1.2862	42.1123
YMR179W_mRNA	YMR179W	52	2557	426.5	0.1668	508.95	2095.0	0.0	0.55	7.0	0.8077	3.0385	44.75
YMR180C_mRNA	YMR180C	211	1166	298.0	0.2556	14.5	851.0	0.0284	0.0	28.0	0.2227	2.1422	55.0806
YMR181C_mRNA	YMR181C	140	1749	469.5	0.2684	157.9	1244.5	0.0286	0.0	2.0	0.5857	7.1429	51.65
YMR182C_mRNA	YMR182C	6	1214	643.0	0.5297	43.25	87.0	0.0	5.0	62.5	0.1667	5.6667	57.3333
YMR182W-A_mRNA	YMR182W-A	133	2092	239.0	0.1142	1089.0	1852.0	0.0	0.0	10.0	0.5113	2.2632	159.4135
YMR183C_mRNA	YMR183C	292	1338	677.5	0.5064	27.55	506.0	0.0137	86.2	109.0	0.0	2.0479	37.2055
YMR184W_mRNA	YMR184W	198	3000	591.0	0.197	7.85	99.0	0.1465	2264.85	2314.0	0.0	1.9798	45.4495
YMR185W_mRNA	YMR185W	84	3049	699.0	0.2293	272.4	2241.0	0.0	1.15	12.0	0.4048	1.7738	43.2976
YMR186W_mRNA	YMR186W	2441	2354	763.0	0.3241	118.0	1382.0	0.0	1.0	5.0	0.6018	2.5772	41.3683
YMR187C_mRNA	YMR187C	29	1840	609.0	0.331	334.4	1097.0	0.0	1.0	8.0	0.5517	3.2069	51.5862
YMR188C_mRNA	YMR188C	276	954	806.0	0.8449	42.75	124.5	0.0036	0.0	7.0	0.6413	3.1667	42.8333
YMR189W_mRNA	YMR189W	56	3366	415.5	0.1234	851.5	2857.5	0.0	0.0	13.5	0.375	1.375	41.7143
YMR190C_mRNA	YMR190C	48	4701	374.5	0.0797	280.1	4058.5	0.0	0.0	39.5	0.2292	18.5	69.7292
YMR191W_mRNA	YMR191W	148	1283	492.0	0.3835	6.0	773.0	0.2162	0.0	1.0	0.75	2.8716	64.8986
YMR192W_mRNA	YMR192W	103	2420	407.0	0.1682	172.5	1860.0	0.0	21.1	91.0	0.0485	2.4951	48.534
YMR193C-A_mRNA	YMR193C-A	1	387	209.0	0.5401	0.0	0.0	1.0	178.0	178.0	0.0	267.0	76.0
YMR193W_mRNA	YMR193W	72	1344	855.5	0.6365	35.0	80.0	0.0278	355.0	380.0	0.0	2.7222	52.4861
YMR194C-A_mRNA	YMR194C-A	8	562	310.5	0.5525	124.4	230.0	0.0	4.35	8.0	0.75	1.375	58.875
YMR194C-B_mRNA	YMR194C-B	33	749	448.0	0.5981	0.6	292.0	0.1515	0.0	8.0	0.6667	16.3939	38.4545
YMR194W_mRNA	YMR194W	4342	929	385.0	0.4144	508.0	518.0	0.0	5.0	25.0	0.1661	3.1043	39.3763
YMR195W_mRNA	YMR195W	359	1019	531.0	0.5211	0.0	43.0	0.3398	404.0	419.0	0.0056	4.5822	50.4735
YMR196W_mRNA	YMR196W	59	3544	515.0	0.1453	476.2	2925.0	0.0169	0.0	7.0	0.5254	3.339	46.3729
YMR197C_mRNA	YMR197C	283	931	488.0	0.5242	40.0	396.0	0.0035	3.1	43.0	0.0848	2.3675	46.9046
YMR198W_mRNA	YMR198W	21	2202	502.0	0.228	24.0	1682.0	0.0	0.0	2.0	0.5238	2.0952	95.0952
YMR199W_mRNA	YMR199W	148	2263	381.5	0.1686	30.85	1784.0	0.0473	8.0	38.0	0.1216	11.5811	48.1149
YMR200W_mRNA	YMR200W	450	1368	559.0	0.4086	43.45	644.0	0.0089	109.0	122.0	0.0	3.0378	46.8956
YMR201C_mRNA	YMR201C	30	1579	367.5	0.2327	559.35	1087.0	0.0	0.0	102.0	0.1667	1.2667	49.6333
YMR202W_mRNA	YMR202W	1157	823	667.0	0.8104	51.0	98.0	0.0043	0.0	20.0	0.1392	2.6508	46.9188
YMR203W_mRNA	YMR203W	319	1585	625.0	0.3943	10.0	735.0	0.069	73.0	140.0	0.0	2.3041	47.9373
YMR204C_mRNA	YMR204C	13	1666	765.0	0.4592	6.2	901.0	0.1538	0.0	68.0	0.2308	4.8462	54.4615
YMR205C_mRNA	YMR205C	1140	3366	535.0	0.1589	890.7	2689.0	0.0	3.0	143.0	0.2614	2.614	49.6167
YMR206W_mRNA	YMR206W	7	1162	157.0	0.1351	272.6	1000.0	0.0	1.9	9.0	0.7143	0.4286	158.0
YMR207C_mRNA	YMR207C	46	6885	549.5	0.0798	510.5	6148.0	0.0217	0.0	56.5	0.2609	7.0	41.1087
YMR208W_mRNA	YMR208W	288	1523	612.5	0.4022	72.0	886.5	0.0035	1.0	7.5	0.5312	3.1424	51.2465
YMR209C_mRNA	YMR209C	79	1596	451.0	0.2826	36.6	1055.0	0.0	18.7	82.0	0.0253	2.7215	40.5443
YMR210W_mRNA	YMR210W	78	1506	601.0	0.3991	32.9	844.0	0.0128	18.7	40.0	0.0513	2.9615	45.9872
YMR211W_mRNA	YMR211W	95	1621	600.0	0.3701	93.3	983.0	0.0211	0.0	4.0	0.8211	3.8	47.7368
YMR212C_mRNA	YMR212C	325	2637	545.0	0.2067	121.6	2032.0	0.0062	0.0	23.0	0.2338	3.4831	50.6585
YMR213W_mRNA	YMR213W	31	1899	329.0	0.1732	674.5	1548.0	0.0	0.0	22.0	0.2581	9.1613	29.1935
YMR214W_mRNA	YMR214W	65	1419	362.0	0.2551	52.0	947.0	0.0	41.8	139.0	0.0154	1.2154	31.6923
YMR215W_mRNA	YMR215W	117	1860	512.0	0.2753	24.8	1263.0	0.0171	78.6	91.0	0.0171	2.5983	54.3162
YMR216C_mRNA	YMR216C	70	2805	537.0	0.1914	796.5	1974.0	0.0	202.0	277.5	0.0	1.8857	30.9429
YMR217W_mRNA	YMR217W	1332	1925	478.5	0.2486	66.55	1298.0	0.0023	127.0	147.0	0.0008	2.494	42.8949
YMR218C_mRNA	YMR218C	145	3554	632.0	0.1778	554.8	2830.0	0.0276	0.0	7.0	0.5724	2.3655	48.3172
YMR219W_mRNA	YMR219W	64	5756	440.0	0.0764	3265.85	5278.5	0.0	0.0	3.0	0.8906	1.8438	49.4531
YMR220W_mRNA	YMR220W	280	1681	630.0	0.3748	70.0	855.5	0.0107	0.0	178.0	0.175	2.4679	42.3286
YMR221C_mRNA	YMR221C	166	1698	440.5	0.2594	40.25	1199.5	0.0	0.25	59.0	0.1084	2.0663	61.5181
YMR222C_mRNA	YMR222C	79	834	605.0	0.7254	30.0	145.0	0.0	9.0	52.0	0.0633	2.9114	55.1646
YMR223W_mRNA	YMR223W	164	2077	658.5	0.317	11.6	1249.0	0.0488	0.0	99.0	0.2256	2.8902	50.5793
YMR224C_mRNA	YMR224C	53	2365	361.0	0.1526	110.6	1931.0	0.0	2.6	81.0	0.0943	2.1698	56.8302
YMR225C_mRNA	YMR225C	122	569	429.0	0.754	24.1	52.5	0.0082	39.0	78.0	0.0	14.2049	38.0
YMR226C_mRNA	YMR226C	678	1798	749.0	0.4166	891.85	1035.5	0.0	0.0	3.0	0.8968	1.7537	45.7448
YMR227C_mRNA	YMR227C	3	1937	119.0	0.0614	190.9	1801.0	0.0	15.2	17.0	0.0	1.0	6.3333
YMR228W_mRNA	YMR228W	128	1201	582.5	0.485	37.4	569.0	0.0	19.05	40.0	0.0312	2.7656	46.375
YMR229C_mRNA	YMR229C	935	5602	480.0	0.0857	2527.5	5082.0	0.0	0.0	0.0	0.738	2.0225	44.3561
YMR230W_mRNA	YMR230W	11508	671	423.0	0.6304	13.0	34.0	0.0162	184.0	205.0	0.0025	2.8993	37.9553
YMR231W_mRNA	YMR231W	64	3353	453.0	0.1351	36.45	2856.5	0.0312	1.0	20.0	0.1875	1.9844	52.125
YMR232W_mRNA	YMR232W	20	2174	516.5	0.2376	189.15	1637.5	0.05	0.0	2.5	0.7	1.2	32.55
YMR233W_mRNA	YMR233W	221	945	680.0	0.7196	26.0	229.0	0.0045	0.0	39.0	0.1946	2.1041	48.5113
YMR234W_mRNA	YMR234W	66	1313	530.0	0.4037	23.25	704.5	0.0455	8.0	37.0	0.1212	2.5758	41.1667
YMR235C_mRNA	YMR235C	355	1489	367.0	0.2465	34.0	1066.0	0.0056	14.0	57.0	0.0338	1.4535	37.4338
YMR236W_mRNA	YMR236W	129	946	511.0	0.5402	10.0	42.0	0.0775	239.0	342.0	0.0	2.5814	39.2481
YMR237W_mRNA	YMR237W	305	2542	602.0	0.2368	611.2	1912.0	0.0	4.0	18.0	0.1672	1.8918	52.5738
YMR238W_mRNA	YMR238W	410	1641	518.5	0.316	28.0	1053.0	0.0268	11.0	46.0	0.0488	2.9512	49.4902
YMR239C_mRNA	YMR239C	86	1662	771.0	0.4639	44.25	664.0	0.0	106.5	110.0	0.0116	5.8488	283.686
YMR240C_mRNA	YMR240C	26	1777	427.0	0.2403	650.5	1348.5	0.0	0.0	2.0	0.8462	2.3462	25.9615
YMR241W_mRNA	YMR241W	578	1438	483.0	0.3359	18.0	715.5	0.0277	216.0	229.0	0.0069	3.0138	53.2128
YMR242C_mRNA	YMR242C	4635	891	617.0	0.6925	244.0	266.0	0.0	0.0	4.0	0.7599	3.8311	40.5635
YMR243C_mRNA	YMR243C	344	4083	415.0	0.1016	2065.3	3246.0	0.0029	387.0	420.0	0.0	3.2791	41.1802
YMR244C-A_mRNA	YMR244C-A	220	990	449.5	0.454	0.0	450.0	0.2409	0.0	76.0	0.2864	4.2409	38.9
YMR245W_mRNA	YMR245W	1	621	355.0	0.5717	22.0	22.0	0.0	244.0	244.0	0.0	0.0	79.0
YMR246W_mRNA	YMR246W	613	2880	654.0	0.2271	405.0	2150.0	0.0	0.0	18.0	0.2887	2.3083	44.7276
YMR247C_mRNA	YMR247C	171	4811	509.0	0.1058	1310.0	4155.0	0.0117	2.0	7.0	0.6374	2.6023	43.655
YMR250W_mRNA	YMR250W	108	1913	455.5	0.2381	10.35	1453.5	0.0556	0.0	3.5	0.7963	1.0	41.6944
YMR251W-A_mRNA	YMR251W-A	12212	1154	481.0	0.4168	646.0	663.0	0.0002	3.0	6.0	0.6565	2.9786	46.2997
YMR251W_mRNA	YMR251W	1	1101	316.0	0.287	769.0	769.0	0.0	16.0	16.0	0.0	0.0	75.0
YMR252C_mRNA	YMR252C	52	2015	481.0	0.2387	15.65	1352.0	0.0385	2.0	5.0	0.6154	5.4038	39.0385
YMR253C_mRNA	YMR253C	27	2103	425.0	0.2021	9.6	169.0	0.0741	2.9	780.0	0.2222	3.037	49.4815
YMR255W_mRNA	YMR255W	164	1275	433.0	0.3396	376.9	680.0	0.0366	0.0	158.5	0.1524	9.2378	41.5
YMR256C_mRNA	YMR256C	1606	561	363.0	0.6471	1.0	27.0	0.127	126.0	171.0	0.0019	2.3064	47.82
YMR257C_mRNA	YMR257C	52	2992	519.5	0.1736	724.6	2417.0	0.0	0.0	4.0	0.6346	5.7115	79.8077
YMR258C_mRNA	YMR258C	163	1816	638.0	0.3513	25.0	799.0	0.0245	0.0	63.0	0.2086	4.5706	48.0982
YMR259C_mRNA	YMR259C	112	4395	593.0	0.1349	232.1	3738.5	0.0	0.0	24.0	0.1875	1.8929	52.5625
YMR260C_mRNA	YMR260C	2943	805	569.0	0.7068	8.0	44.0	0.0578	145.0	152.0	0.0007	1.6412	41.4737
YMR261C_mRNA	YMR261C	179	3486	717.0	0.2057	525.9	2681.0	0.0	0.0	7.0	0.648	2.8436	59.9441
YMR262W_mRNA	YMR262W	38	1256	414.5	0.33	0.0	670.0	0.1053	0.0	77.5	0.1842	6.3421	41.4211
YMR263W_mRNA	YMR263W	175	871	675.0	0.775	75.1	95.0	0.0	3.0	99.0	0.1714	1.8343	35.7771
YMR264W_mRNA	YMR264W	174	1670	579.5	0.347	8.0	187.0	0.1552	876.65	886.0	0.0	3.3621	41.4598
YMR265C_mRNA	YMR265C	31	1913	728.0	0.3806	260.5	1011.0	0.0	120.0	213.0	0.0	3.0645	38.3871
YMR266W_mRNA	YMR266W	372	3066	521.5	0.1701	294.75	2487.5	0.0134	0.0	1.0	0.8253	2.2608	51.8656
YMR267W_mRNA	YMR267W	100	1294	722.5	0.5583	0.95	449.0	0.11	69.4	120.0	0.02	2.42	49.14
YMR268C_mRNA	YMR268C	40	1583	587.5	0.3711	10.95	955.5	0.05	17.75	46.0	0.025	1.65	31.2
YMR269W_mRNA	YMR269W	25	935	332.0	0.3551	489.8	589.0	0.0	0.0	1.0	0.88	1.96	46.16
YMR270C_mRNA	YMR270C	139	1495	574.0	0.3839	10.0	773.0	0.0791	65.2	148.0	0.0288	3.1655	40.3309
YMR271C_mRNA	YMR271C	189	1382	305.0	0.2207	0.0	19.0	0.3704	0.0	1065.0	0.328	8.3122	48.1323
YMR272C_mRNA	YMR272C	238	1446	590.5	0.4084	81.0	819.5	0.0	0.0	3.0	0.7479	2.1807	46.8697
YMR273C_mRNA	YMR273C	71	3030	532.0	0.1756	14.5	2243.0	0.0423	11.0	17.0	0.0563	3.4225	42.3521
YMR274C_mRNA	YMR274C	44	1095	424.5	0.3877	38.85	659.0	0.0455	3.0	10.0	0.5227	20.1364	45.1591
YMR275C_mRNA	YMR275C	131	3112	623.0	0.2002	696.5	2400.0	0.0076	0.0	11.0	0.4885	2.1832	42.0611
YMR276W_mRNA	YMR276W	253	1303	823.0	0.6316	37.0	453.0	0.004	17.0	25.0	0.004	2.3557	52.8656
YMR277W_mRNA	YMR277W	42	2467	373.0	0.1512	58.05	2093.5	0.0238	0.05	11.0	0.4762	1.9762	42.4524
YMR278W_mRNA	YMR278W	71	2029	861.0	0.4243	11.0	1101.0	0.0282	0.0	11.0	0.2254	2.9437	47.6479
YMR280C_mRNA	YMR280C	28	4454	585.5	0.1315	1959.95	3815.0	0.0	0.0	0.0	0.6429	3.5714	53.7143
YMR281W_mRNA	YMR281W	118	1127	525.5	0.4663	63.65	560.0	0.0	0.0	10.0	0.5254	3.1186	46.4237
YMR282C_mRNA	YMR282C	85	2034	493.0	0.2424	108.6	1268.0	0.0235	3.0	45.0	0.2471	28.9412	43.9176
YMR283C_mRNA	YMR283C	78	1750	557.5	0.3186	151.5	1131.0	0.0128	0.0	3.5	0.7308	1.6667	43.7308
YMR284W_mRNA	YMR284W	156	2018	807.0	0.3999	1.0	1091.0	0.1218	24.5	91.0	0.0321	3.7949	48.3718
YMR285C_mRNA	YMR285C	61	2201	576.0	0.2617	503.0	1551.0	0.0	0.0	9.0	0.5902	3.2131	44.9344
YMR286W_mRNA	YMR286W	319	569	394.0	0.6924	0.9	14.0	0.2696	88.0	158.0	0.0	2.7429	40.8903
YMR287C_mRNA	YMR287C	71	3125	609.0	0.1949	99.0	2039.0	0.0141	2.0	38.0	0.2817	3.4789	39.0282
YMR288W_mRNA	YMR288W	40	3024	560.0	0.1852	71.9	1956.0	0.0	0.0	13.5	0.475	2.125	46.5
YMR289W_mRNA	YMR289W	108	1646	500.0	0.3038	23.75	764.5	0.0	239.0	367.0	0.0185	2.5741	37.5
YMR290C_mRNA	YMR290C	323	1839	851.0	0.4628	42.0	909.0	0.0031	0.0	34.0	0.291	3.4551	46.8019
YMR291W_mRNA	YMR291W	57	2031	396.0	0.195	57.4	1554.0	0.0	0.0	7.0	0.5614	1.5965	47.2632
YMR292W_mRNA	YMR292W	283	562	475.0	0.8452	26.0	66.0	0.0106	1.1	12.0	0.1979	4.364	44.7915
YMR293C_mRNA	YMR293C	30	1619	582.0	0.3595	120.75	975.5	0.0	0.0	9.0	0.7	1.9667	58.4667
YMR294W-A_mRNA	YMR294W-A	3	1414	253.0	0.1789	128.3	194.0	0.0	969.2	989.0	0.0	1.6667	59.0
YMR294W_mRNA	YMR294W	24	1296	820.0	0.6327	64.65	352.0	0.0	5.0	18.0	0.2083	1.0833	36.5
YMR295C_mRNA	YMR295C	239	1369	765.0	0.5588	3.9	50.0	0.1255	508.0	526.0	0.0	2.2594	36.569
YMR296C_mRNA	YMR296C	327	1980	682.0	0.3444	114.6	1274.0	0.0	0.0	16.0	0.2263	2.6575	50.9694
YMR297W_mRNA	YMR297W	661	1919	526.0	0.2741	6.0	1214.0	0.062	127.0	145.0	0.0	2.6581	51.6384
YMR298W_mRNA	YMR298W	222	1720	511.0	0.2971	12.0	63.5	0.0495	1091.25	1118.0	0.0135	3.009	36.6441
YMR299C_mRNA	YMR299C	47	1861	588.0	0.316	9.6	527.0	0.0638	719.0	771.0	0.0213	2.8511	45.4255
YMR300C_mRNA	YMR300C	216	1914	699.0	0.3652	131.25	1138.5	0.0139	0.0	58.0	0.1389	1.9028	46.6944
YMR301C_mRNA	YMR301C	76	2232	545.0	0.2442	53.75	1684.5	0.0	0.0	6.0	0.75	3.0789	40.7895
YMR302C_mRNA	YMR302C	157	2742	542.0	0.1977	365.8	2131.0	0.0191	5.8	44.0	0.0764	2.121	50.7325
YMR303C_mRNA	YMR303C	5	1219	430.0	0.3527	496.2	781.0	0.0	1.2	8.0	0.6	1.0	43.6
YMR304C-A_mRNA	YMR304C-A	613	1347	500.0	0.3712	129.2	744.0	0.0326	89.0	96.0	0.0098	7.4078	52.4176
YMR304W_mRNA	YMR304W	107	4466	342.0	0.0766	2050.8	4092.0	0.0	0.0	24.0	0.4486	2.6916	49.6262
YMR305C_mRNA	YMR305C	771	1603	861.0	0.5371	102.0	717.0	0.0	0.0	2.0	0.834	4.3982	53.7263
YMR306W_mRNA	YMR306W	32	6106	588.0	0.0963	303.75	5053.0	0.0312	0.0	13.0	0.5	5.4062	42.2812
YMR307W_mRNA	YMR307W	2430	1983	586.0	0.2955	30.9	1335.5	0.0049	16.0	31.0	0.0177	3.3531	48.428
YMR308C_mRNA	YMR308C	522	3514	521.0	0.1483	829.85	2964.0	0.0096	0.0	11.0	0.4808	4.249	52.0402
YMR309C_mRNA	YMR309C	850	2831	628.5	0.222	259.1	2176.0	0.0035	1.0	8.0	0.6059	4.0188	52.6165
YMR310C_mRNA	YMR310C	77	1406	603.0	0.4289	21.2	434.0	0.039	322.4	329.0	0.0	2.9481	48.8312
YMR311C_mRNA	YMR311C	84	1031	338.5	0.3283	26.3	519.5	0.0	152.0	175.0	0.0	1.4643	37.5952
YMR312W_mRNA	YMR312W	152	1808	523.0	0.2893	6.0	425.5	0.0921	828.0	843.0	0.0	2.5461	51.1645
YMR313C_mRNA	YMR313C	66	2160	484.5	0.2243	23.25	1540.0	0.0152	3.0	45.5	0.303	2.1061	48.0
YMR314W_mRNA	YMR314W	596	1086	647.0	0.5958	31.0	236.5	0.005	128.0	132.0	0.0067	2.094	38.5
YMR315W_mRNA	YMR315W	322	1408	571.0	0.4055	188.0	802.0	0.0031	4.0	17.0	0.2267	4.9068	45.2143
YMR316C-A_mRNA	YMR316C-A	1	312	172.0	0.5513	1.0	1.0	1.0	139.0	139.0	0.0	0.0	3.0
YMR316C-B_mRNA	YMR316C-B	28	1444	441.0	0.3054	388.2	991.5	0.0	0.0	5.5	0.75	2.8929	98.4643
YMR316W_mRNA	YMR316W	687	1422	675.0	0.4747	285.0	615.0	0.0218	1.0	12.0	0.4105	6.3916	52.4105
YMR317W_mRNA	YMR317W	22	3423	332.5	0.0971	3001.05	3090.5	0.0	0.0	0.0	1.0	1.2273	209.7727
YMR318C_mRNA	YMR318C	721	1533	594.0	0.3875	49.0	782.0	0.0055	130.0	141.0	0.0	3.0596	43.6214
YMR319C_mRNA	YMR319C	347	2511	605.0	0.2409	515.6	1713.0	0.0144	117.0	122.0	0.0	3.6599	46.7493
YMR320W_mRNA	YMR320W	29	1859	161.0	0.0866	0.0	0.0	0.7586	738.4	1698.0	0.0	217.2759	66.2759
YMR321C_mRNA	YMR321C	1	318	102.0	0.3208	121.0	121.0	0.0	95.0	95.0	0.0	0.0	0.0
YNL320W_mRNA	YNL320W	32	1145	639.5	0.5585	97.2	438.5	0.0	0.0	13.0	0.2812	3.8438	54.3438
YNL321W_mRNA	YNL321W	55	2881	443.0	0.1538	1174.6	2383.0	0.0	0.0	11.0	0.4545	1.2364	52.0364
YNL322C_mRNA	YNL322C	244	1549	663.0	0.428	27.15	374.5	0.0287	490.0	497.0	0.0	4.1311	42.1639
YNL323W_mRNA	YNL323W	124	1502	1005.5	0.6694	18.45	362.5	0.0323	45.0	72.0	0.0161	1.1855	38.0403
YNL325C_mRNA	YNL325C	66	2795	550.5	0.197	795.5	2199.5	0.0	0.0	9.5	0.5455	1.6212	53.5455
YNL326C_mRNA	YNL326C	60	1235	602.0	0.4874	33.0	598.0	0.0	7.6	34.0	0.1333	3.2833	43.6167
YNL327W_mRNA	YNL327W	309	3827	509.0	0.133	736.4	3243.0	0.0032	1.0	7.0	0.6117	3.9223	46.3981
YNL328C_mRNA	YNL328C	4	2485	291.5	0.1173	174.85	919.5	0.0	132.5	1274.5	0.0	3.5	65.25
YNL329C_mRNA	YNL329C	38	3816	569.0	0.1491	402.75	3175.5	0.0263	0.0	8.0	0.5789	5.8421	44.3684
YNL330C_mRNA	YNL330C	102	1687	437.0	0.259	19.0	1075.5	0.0392	70.0	137.5	0.0	2.3824	40.4412
YNL331C_mRNA	YNL331C	57	1858	442.0	0.2379	507.4	1391.0	0.0	0.8	8.0	0.5965	6.8421	41.0175
YNL332W_mRNA	YNL332W	2	1023	944.0	0.9228	7.9	79.0	0.5	0.0	0.0	1.0	4.0	237.0
YNL333W_mRNA	YNL333W	28	1215	620.0	0.5103	179.1	575.5	0.0	0.0	0.0	0.75	2.8929	57.3214
YNL334C_mRNA	YNL334C	31	818	534.0	0.6528	50.5	268.0	0.0	0.0	1.0	0.871	2.6452	77.5161
YNL335W_mRNA	YNL335W	8	678	522.5	0.7706	7.0	155.5	0.25	0.0	0.0	1.0	0.375	129.75
YNL336W_mRNA	YNL336W	251	1231	559.0	0.4541	7.0	640.0	0.0837	0.0	2.0	0.8048	1.8167	52.753
YNL339C_mRNA	YNL339C	47	6068	395.0	0.0651	1994.5	5257.0	0.0	291.0	303.0	0.0	2.0851	39.4681
YNL001W_mRNA	YNL001W	257	1349	834.0	0.6182	10.0	435.0	0.0739	3.0	59.0	0.0817	2.5681	47.4747
YNL002C_mRNA	YNL002C	797	1251	497.0	0.3973	7.0	577.0	0.0816	115.0	183.0	0.01	1.9762	36.4065
YNL003C_mRNA	YNL003C	113	1667	556.0	0.3335	22.0	249.0	0.0354	323.6	594.0	0.0442	2.7965	51.6991
YNL004W_mRNA	YNL004W	186	1661	641.0	0.3859	196.25	870.0	0.0	126.0	133.0	0.0	2.629	47.3065
YNL005C_mRNA	YNL005C	165	1481	543.0	0.3666	35.6	711.0	0.0121	143.0	224.0	0.0121	4.8364	43.2121
YNL006W_mRNA	YNL006W	1273	1550	692.0	0.4465	74.0	315.0	0.0008	207.0	380.0	0.0008	2.7926	45.2121
YNL007C_mRNA	YNL007C	3437	1634	569.0	0.3482	39.0	675.0	0.0064	332.0	366.0	0.0017	2.5973	48.8775
YNL008C_mRNA	YNL008C	68	2089	356.0	0.1704	9.75	1680.5	0.0588	0.0	0.0	0.8382	5.1765	52.9853
YNL009W_mRNA	YNL009W	55	1426	375.0	0.263	7.7	1051.0	0.0909	0.0	0.0	0.9636	2.6545	60.8727
YNL010W_mRNA	YNL010W	1124	1006	754.0	0.7495	15.0	111.0	0.0409	40.15	110.0	0.0	1.7998	42.6895
YNL011C_mRNA	YNL011C	87	1655	684.0	0.4133	214.3	725.0	0.0115	0.0	8.0	0.5287	1.8851	43.4368
YNL012W_mRNA	YNL012W	115	2204	553.0	0.2509	1301.4	1633.0	0.0	0.0	18.0	0.4261	3.5826	64.4348
YNL014W_mRNA	YNL014W	2	3135	777.5	0.248	369.45	1273.5	0.0	108.4	1084.0	0.5	0.5	74.5
YNL015W_mRNA	YNL015W	685	228	228.0	1.0	0.0	0.0	0.8818	0.0	0.0	0.9854	34.2336	202.2613
YNL016W_mRNA	YNL016W	659	2233	595.0	0.2665	39.9	1296.0	0.0243	276.0	290.0	0.0	2.5417	46.9681
YNL018C_mRNA	YNL018C	3	2268	1430.0	0.6305	585.7	835.0	0.0	0.0	0.0	1.0	1.0	35.0
YNL019C_mRNA	YNL019C	1	855	346.0	0.4047	509.0	509.0	0.0	0.0	0.0	1.0	1.0	122.0
YNL020C_mRNA	YNL020C	54	2325	484.5	0.2084	25.25	1453.0	0.0185	74.15	131.0	0.0	1.2778	44.6481
YNL021W_mRNA	YNL021W	77	2444	635.0	0.2598	36.0	1709.0	0.039	2.0	81.0	0.3896	4.4805	58.7273
YNL022C_mRNA	YNL022C	101	1665	395.0	0.2372	24.0	1181.0	0.0	3.0	63.0	0.0792	1.8416	40.2871
YNL023C_mRNA	YNL023C	76	3157	578.0	0.1831	938.0	2469.0	0.0263	0.0	135.0	0.0921	3.0395	63.2237
YNL024C-A_mRNA	YNL024C-A	543	754	487.0	0.6459	13.0	54.0	0.0203	166.0	185.0	0.0055	2.2983	42.1418
YNL024C_mRNA	YNL024C	86	975	588.5	0.6036	42.0	305.0	0.0116	68.25	79.0	0.0	2.1279	48.2326
YNL025C_mRNA	YNL025C	79	2505	603.0	0.2407	57.2	822.0	0.0253	498.0	743.0	0.0	3.038	50.2405
YNL026W_mRNA	YNL026W	96	1635	756.0	0.4624	50.0	791.5	0.0	0.75	22.0	0.25	2.1146	55.0521
YNL027W_mRNA	YNL027W	142	2257	487.0	0.2158	860.4	1741.0	0.0141	0.0	8.0	0.5352	5.1549	40.338
YNL029C_mRNA	YNL029C	42	1724	604.5	0.3506	68.0	1040.0	0.0	0.0	10.0	0.5952	1.4286	52.7619
YNL030W_mRNA	YNL030W	5160	1362	484.0	0.3554	863.0	874.0	0.0	0.0	1.0	0.9114	2.0172	44.3291
YNL031C_mRNA	YNL031C	2618	909	592.0	0.6513	58.85	112.0	0.0019	174.0	186.0	0.0004	2.4442	41.72
YNL032W_mRNA	YNL032W	202	2309	827.0	0.3582	23.0	227.5	0.0	1164.75	1258.5	0.0	2.0941	49.8317
YNL033W_mRNA	YNL033W	4	855	361.0	0.4222	325.3	482.0	0.0	0.0	0.0	0.75	2.0	158.0
YNL034W_mRNA	YNL034W	4	2142	1052.0	0.4911	917.15	1089.5	0.0	0.0	0.5	1.0	8.0	12.5
YNL035C_mRNA	YNL035C	137	1464	503.0	0.3436	60.0	896.0	0.0	6.4	11.0	0.4526	1.4307	41.1971
YNL036W_mRNA	YNL036W	350	971	420.0	0.4325	108.0	492.0	0.0	18.0	67.0	0.02	3.0314	44.7857
YNL037C_mRNA	YNL037C	304	1460	685.0	0.4692	34.0	621.5	0.0296	108.0	124.0	0.0099	2.8618	49.0263
YNL038W_mRNA	YNL038W	217	840	762.0	0.9071	15.2	36.0	0.0415	6.0	19.0	0.3502	1.6959	47.0922
YNL039W_mRNA	YNL039W	46	1995	469.5	0.2353	166.0	1405.0	0.0	42.0	131.0	0.0	1.2826	27.8478
YNL040W_mRNA	YNL040W	248	1876	588.5	0.3137	84.35	1019.5	0.0	158.0	239.0	0.0	3.2984	46.0927
YNL041C_mRNA	YNL041C	122	2746	572.0	0.2083	25.85	2056.0	0.0246	0.0	5.0	0.6475	6.2705	46.4016
YNL042W-B_mRNA	YNL042W-B	5	258	151.0	0.5853	0.0	1.0	0.6	27.0	83.0	0.0	15.4	46.8
YNL042W_mRNA	YNL042W	44	2066	776.0	0.3756	612.15	1078.0	0.0	1.15	13.0	0.4318	1.5682	43.2727
YNL043C_mRNA	YNL043C	18	1068	523.5	0.4902	19.0	220.5	0.0556	17.75	153.0	0.0556	4.3889	63.0556
YNL044W_mRNA	YNL044W	375	985	696.0	0.7066	144.1	202.0	0.0027	30.0	72.0	0.0	1.8453	55.1627
YNL045W_mRNA	YNL045W	288	2944	607.0	0.2062	118.7	2074.0	0.0035	0.0	122.0	0.1285	2.2431	49.9479
YNL046W_mRNA	YNL046W	46	925	420.0	0.4541	58.25	299.0	0.0217	3.0	10.0	0.5652	3.1522	48.4565
YNL047C_mRNA	YNL047C	54	2124	378.5	0.1782	73.6	1733.5	0.0	0.0	2.0	0.7407	1.1481	45.6667
YNL048W_mRNA	YNL048W	163	1794	520.0	0.2899	20.0	1172.0	0.0123	7.0	16.0	0.1166	5.4969	41.3313
YNL049C_mRNA	YNL049C	147	2843	444.0	0.1562	352.2	2313.0	0.0	0.0	88.0	0.0816	4.8435	36.1088
YNL050C_mRNA	YNL050C	51	1005	353.0	0.3512	29.0	538.0	0.0	26.0	86.0	0.0	3.5686	38.0784
YNL051W_mRNA	YNL051W	112	1383	547.0	0.3955	1.65	730.0	0.125	0.0	112.5	0.1071	5.1964	50.1786
YNL052W_mRNA	YNL052W	584	852	683.5	0.8022	11.0	42.5	0.0479	63.75	105.0	0.012	2.1969	50.2945
YNL053W_mRNA	YNL053W	100	2352	474.0	0.2015	83.8	1121.5	0.0	0.0	7.0	0.57	1.97	45.01
YNL054W-A_mRNA	YNL054W-A	2	1323	629.5	0.4758	10.4	104.0	0.5	585.45	589.5	0.0	20.0	81.0
YNL054W-B_mRNA	YNL054W-B	749	5250	1112.0	0.2118	1371.2	3900.0	0.0107	0.0	0.0	0.7049	2.8865	272.8371
YNL054W_mRNA	YNL054W	33	4062	479.0	0.1179	169.2	3521.0	0.0606	1.0	50.0	0.2727	13.0	41.4545
YNL055C_mRNA	YNL055C	1626	1191	664.5	0.5579	167.25	473.0	0.0031	0.0	52.0	0.3303	3.8038	54.5308
YNL056W_mRNA	YNL056W	162	986	569.0	0.5771	71.3	301.0	0.0062	0.0	70.0	0.4074	1.5185	45.8333
YNL058C_mRNA	YNL058C	193	1585	692.0	0.4366	1.0	435.0	0.1036	52.6	472.0	0.0518	4.0518	52.0052
YNL059C_mRNA	YNL059C	68	2443	532.5	0.218	1158.1	1859.0	0.0	0.0	40.0	0.2647	0.9265	48.1324
YNL061W_mRNA	YNL061W	674	2047	560.0	0.2736	286.65	1463.5	0.003	0.0	13.0	0.4718	3.2136	51.592
YNL062C_mRNA	YNL062C	111	1875	749.0	0.3995	21.5	846.0	0.018	177.5	266.0	0.0	2.027	44.5766
YNL063W_mRNA	YNL063W	85	1417	714.0	0.5039	27.8	347.0	0.0118	244.0	267.0	0.0118	2.2588	39.3882
YNL064C_mRNA	YNL064C	1831	1745	589.0	0.3375	71.5	995.0	0.0033	111.0	138.0	0.0229	2.3654	46.0076
YNL065W_mRNA	YNL065W	34	2180	494.5	0.2268	225.95	1474.5	0.0294	193.25	221.5	0.0	2.0	49.3529
YNL066W_mRNA	YNL066W	383	1880	646.0	0.3436	3.0	887.0	0.0992	222.0	230.0	0.0	10.3551	56.7467
YNL067W_mRNA	YNL067W	3957	1042	777.0	0.7457	11.0	41.0	0.0227	100.0	185.0	0.0035	2.8777	44.1865
YNL068C_mRNA	YNL068C	81	3018	466.0	0.1544	1400.0	2548.0	0.0	0.0	5.0	0.8889	1.321	42.9136
YNL069C_mRNA	YNL069C	4357	1019	713.0	0.6997	36.0	57.0	0.0037	198.0	222.0	0.0005	2.4577	41.5882
YNL070W_mRNA	YNL070W	1456	598	358.0	0.5987	0.0	13.0	0.2933	214.0	225.0	0.0014	4.0343	54.8359
YNL071W_mRNA	YNL071W	424	1746	508.5	0.2912	106.0	1202.0	0.0047	0.0	13.0	0.4623	2.3184	52.9858
YNL072W_mRNA	YNL072W	24	1094	475.5	0.4346	66.3	604.0	0.0	5.0	7.0	0.5833	1.5417	44.75
YNL073W_mRNA	YNL073W	31	1883	517.0	0.2746	46.0	1059.0	0.0	21.0	32.0	0.0	2.7097	39.5806
YNL074C_mRNA	YNL074C	101	1724	648.0	0.3759	21.0	978.0	0.0198	6.0	156.0	0.099	2.8218	47.2772
YNL075W_mRNA	YNL075W	200	1245	596.0	0.4787	24.9	444.5	0.03	167.5	204.0	0.0	2.17	27.2
YNL076W_mRNA	YNL076W	31	2079	299.0	0.1438	35.5	1663.0	0.0	2.5	13.0	0.3548	1.1935	51.2581
YNL077W_mRNA	YNL077W	383	1878	454.0	0.2417	150.1	1391.0	0.0	0.0	2.0	0.8251	1.8172	55.7702
YNL078W_mRNA	YNL078W	52	1753	708.0	0.4039	249.3	901.0	0.0	2.1	184.0	0.1154	2.2115	38.8654
YNL079C_mRNA	YNL079C	1091	1128	433.0	0.3839	25.0	395.0	0.0064	295.0	299.0	0.0	2.2053	41.7516
YNL080C_mRNA	YNL080C	71	1426	540.0	0.3787	62.0	862.0	0.0	0.0	25.0	0.1127	3.2676	35.7324
YNL081C_mRNA	YNL081C	283	875	541.0	0.6183	225.2	303.0	0.0	0.0	8.0	0.6502	3.0212	52.9929
YNL082W_mRNA	YNL082W	45	2773	512.0	0.1846	1200.2	2238.0	0.0	0.0	17.0	0.2667	2.3556	60.6667
YNL083W_mRNA	YNL083W	98	1853	486.5	0.2625	98.5	1253.0	0.0	0.0	60.0	0.2347	3.6735	39.8878
YNL084C_mRNA	YNL084C	460	1352	750.5	0.5551	2.0	435.0	0.0935	17.0	169.0	0.0217	2.9587	45.6891
YNL085W_mRNA	YNL085W	463	3072	575.0	0.1872	572.4	2481.0	0.0	0.0	11.0	0.4104	2.7711	44.6479
YNL086W_mRNA	YNL086W	39	883	442.0	0.5006	1.8	42.0	0.1026	110.6	399.0	0.0	2.4103	46.6154
YNL087W_mRNA	YNL087W	458	4979	555.5	0.1116	425.45	4204.0	0.0	1.0	33.0	0.1834	2.6376	45.4039
YNL088W_mRNA	YNL088W	86	4573	913.0	0.1997	1486.0	3528.0	0.0	0.0	14.5	0.4186	1.7791	49.814
YNL090W_mRNA	YNL090W	207	1180	561.0	0.4754	26.3	515.0	0.0048	46.0	73.0	0.0145	2.1449	45.9372
YNL091W_mRNA	YNL091W	107	3949	654.0	0.1656	404.4	3192.0	0.0093	0.0	11.0	0.4953	3.0093	52.9813
YNL092W_mRNA	YNL092W	20	1383	490.5	0.3547	43.35	854.0	0.0	0.0	10.5	0.5	11.65	91.1
YNL093W_mRNA	YNL093W	12	1014	608.5	0.6001	13.8	396.0	0.0833	0.0	2.0	0.6667	3.1667	107.75
YNL094W_mRNA	YNL094W	90	2232	567.5	0.2543	9.0	1503.0	0.0667	0.9	131.0	0.1667	1.2778	40.3667
YNL095C_mRNA	YNL095C	33	3201	433.0	0.1353	1918.4	2634.0	0.0	30.4	180.0	0.0303	2.4848	58.7879
YNL096C_mRNA	YNL096C	3177	886	463.0	0.5226	62.8	401.0	0.0003	2.0	18.0	0.3207	3.1095	39.5168
YNL097C_mRNA	YNL097C	47	1262	391.0	0.3098	88.1	829.0	0.0	0.0	54.0	0.4255	2.9149	76.4255
YNL097W-A_mRNA	YNL097W-A	2	499	207.0	0.4148	48.75	73.5	0.0	194.65	218.5	0.0	1.0	45.0
YNL098C_mRNA	YNL098C	211	1403	479.0	0.3414	175.0	908.0	0.0047	0.0	8.0	0.6967	3.0758	49.7725
YNL099C_mRNA	YNL099C	134	1121	523.0	0.4665	34.0	485.0	0.0149	81.0	100.0	0.0149	2.2836	47.2687
YNL100W_mRNA	YNL100W	252	927	796.0	0.8587	66.0	109.5	0.0	0.0	3.5	0.6786	4.1706	47.2024
YNL101W_mRNA	YNL101W	189	2637	483.0	0.1832	358.0	2049.0	0.0	26.2	90.0	0.0159	2.1534	51.7566
YNL102W_mRNA	YNL102W	118	4716	473.5	0.1004	2754.25	4200.5	0.0	0.0	12.0	0.3559	1.7966	46.0593
YNL103W_mRNA	YNL103W	94	2296	496.5	0.2162	51.95	1773.0	0.0213	0.0	8.0	0.766	4.617	52.734
YNL104C_mRNA	YNL104C	926	2194	557.0	0.2539	75.0	1577.0	0.0	3.25	30.0	0.1361	2.4557	44.554
YNL106C_mRNA	YNL106C	32	3925	496.0	0.1264	281.65	3112.5	0.0312	0.0	61.0	0.2188	3.7188	56.9688
YNL107W_mRNA	YNL107W	138	1087	779.5	0.7171	195.0	292.0	0.0	0.0	10.0	0.5797	1.9275	58.6232
YNL108C_mRNA	YNL108C	116	1042	451.5	0.4333	45.5	582.0	0.0	0.0	11.0	0.4397	1.1983	49.5517
YNL109W_mRNA	YNL109W	2	1016	221.0	0.2175	707.25	736.5	0.0	20.25	58.5	0.0	2.0	41.0
YNL110C_mRNA	YNL110C	747	1204	636.0	0.5282	21.0	204.0	0.0228	351.0	356.0	0.0013	1.6546	36.34
YNL111C_mRNA	YNL111C	575	914	566.0	0.6193	124.7	269.0	0.0017	33.0	59.0	0.0035	3.0017	47.8052
YNL112W_mRNA	YNL112W	544	2203	476.0	0.2161	20.0	1316.5	0.0221	371.0	388.0	0.0184	2.4522	46.2261
YNL113W_mRNA	YNL113W	429	3770	522.0	0.1385	3116.0	3227.0	0.0	0.0	7.0	0.7832	2.8508	43.4755
YNL115C_mRNA	YNL115C	43	2582	416.0	0.1611	174.3	1703.0	0.0233	449.0	460.0	0.0	3.6744	38.8372
YNL116W_mRNA	YNL116W	37	1795	879.0	0.4897	9.0	910.0	0.0811	1.0	6.0	0.7027	6.2162	43.7027
YNL117W_mRNA	YNL117W	14	1807	455.0	0.2518	1122.45	1340.0	0.0	0.0	3.0	0.9286	4.7857	65.2143
YNL118C_mRNA	YNL118C	218	3132	656.0	0.2095	847.8	2401.5	0.0138	0.0	36.0	0.1697	2.5229	54.9587
YNL119W_mRNA	YNL119W	102	1693	648.0	0.3828	63.25	1026.5	0.0	0.0	19.0	0.3725	2.3922	57.3039
YNL121C_mRNA	YNL121C	506	2144	544.5	0.254	47.0	1540.0	0.0	4.0	25.0	0.2332	2.1344	51.6522
YNL122C_mRNA	YNL122C	330	642	435.0	0.6776	112.35	133.5	0.0	0.0	64.0	0.2273	1.903	52.7606
YNL123W_mRNA	YNL123W	211	3336	527.0	0.158	746.0	2734.0	0.0	4.0	52.0	0.0853	3.2559	42.2133
YNL124W_mRNA	YNL124W	144	1805	573.5	0.3177	18.6	1007.0	0.0417	38.35	220.0	0.0139	2.7222	43.4236
YNL125C_mRNA	YNL125C	238	2342	454.0	0.1939	222.5	1832.0	0.0084	0.0	18.0	0.4538	1.9958	50.3487
YNL126W_mRNA	YNL126W	53	2792	494.0	0.1769	996.0	2246.0	0.0	1.0	18.0	0.3962	6.4717	56.9623
YNL127W_mRNA	YNL127W	118	3227	498.5	0.1545	386.6	2664.5	0.0085	0.0	108.0	0.1525	1.6949	44.0339
YNL128W_mRNA	YNL128W	9	1466	472.0	0.322	433.0	990.0	0.0	0.0	52.0	0.3333	0.6667	60.7778
YNL129W_mRNA	YNL129W	195	1179	840.0	0.7125	2.0	117.0	0.1231	180.7	201.0	0.0256	7.3333	41.1949
YNL130C_mRNA	YNL130C	301	1657	543.0	0.3277	348.0	1013.0	0.0033	0.0	4.0	0.7442	3.6578	59.897
YNL131W_mRNA	YNL131W	552	870	587.5	0.6753	40.0	254.0	0.0	1.0	11.0	0.4601	1.5725	51.8297
YNL132W_mRNA	YNL132W	441	3396	541.0	0.1593	1270.0	2793.0	0.0	38.0	46.0	0.0159	1.9751	42.4331
YNL133C_mRNA	YNL133C	67	683	418.0	0.612	21.3	258.0	0.0	4.0	12.0	0.4776	1.194	58.8358
YNL134C_mRNA	YNL134C	709	1536	691.0	0.4499	299.0	831.0	0.0	0.0	4.0	0.8519	2.3554	55.3329
YNL135C_mRNA	YNL135C	4325	1395	479.0	0.3434	0.0	1.0	0.7077	822.0	893.0	0.0	6.0666	43.2749
YNL136W_mRNA	YNL136W	24	1518	347.5	0.2289	767.45	1079.0	0.0	34.95	65.0	0.0	2.125	38.9167
YNL137C_mRNA	YNL137C	119	1841	606.0	0.3292	24.0	1031.0	0.0	20.4	139.0	0.042	1.8571	54.3782
YNL138W-A_mRNA	YNL138W-A	109	583	433.0	0.7427	53.0	84.0	0.0	1.2	39.0	0.0734	20.4404	39.1927
YNL138W_mRNA	YNL138W	422	1809	511.5	0.2828	14.05	1199.0	0.0427	1.0	76.0	0.1209	3.4384	50.1848
YNL139C_mRNA	YNL139C	51	5076	249.0	0.0491	501.5	4575.0	0.0	6.0	56.0	0.2353	1.7843	52.2353
YNL140C_mRNA	YNL140C	76	2202	297.0	0.1349	498.75	1655.5	0.0	175.0	287.0	0.0132	2.0	43.6842
YNL141W_mRNA	YNL141W	377	1246	640.0	0.5136	32.0	519.0	0.0	0.0	9.0	0.5093	3.8462	49.2626
YNL142W_mRNA	YNL142W	280	1923	476.5	0.2478	44.0	474.5	0.0143	2.0	16.0	0.3	2.4	45.9357
YNL143C_mRNA	YNL143C	236	814	427.0	0.5246	277.0	373.0	0.0	0.0	14.0	0.4407	2.6822	57.5297
YNL144C_mRNA	YNL144C	38	2913	374.0	0.1284	429.05	2414.0	0.0	0.0	10.5	0.5	1.0789	43.3421
YNL145W_mRNA	YNL145W	1	341	308.0	0.9032	33.0	33.0	0.0	0.0	0.0	1.0	0.0	85.0
YNL146W_mRNA	YNL146W	24	764	361.5	0.4732	31.2	260.0	0.0	0.0	193.0	0.4583	2.5417	71.2917
YNL147W_mRNA	YNL147W	680	768	437.0	0.569	288.0	316.0	0.0	0.0	9.0	0.5118	1.4853	43.9338
YNL148C_mRNA	YNL148C	186	2213	498.0	0.225	801.25	1710.0	0.0	0.0	0.0	0.7204	1.5591	48.4301
YNL149C_mRNA	YNL149C	166	1412	498.0	0.3527	726.25	909.5	0.0301	0.0	0.0	0.7892	2.4458	39.6867
YNL151C_mRNA	YNL151C	51	1044	237.0	0.227	567.0	742.0	0.0	0.0	60.0	0.1765	1.2157	27.9804
YNL152W_mRNA	YNL152W	33	1849	869.0	0.47	526.0	822.0	0.0	0.6	2.0	0.8485	1.5455	52.7879
YNL153C_mRNA	YNL153C	220	1207	586.5	0.4859	560.0	589.0	0.0	0.0	7.0	0.5318	1.5682	39.6091
YNL154C_mRNA	YNL154C	503	2714	573.0	0.2111	1.1	288.0	0.0994	37.1	2043.0	0.008	1.4016	42.6541
YNL155W_mRNA	YNL155W	413	1176	699.0	0.5944	2.0	360.0	0.0678	55.0	109.0	0.0097	2.0436	41.3027
YNL156C_mRNA	YNL156C	291	1295	619.0	0.478	53.5	548.0	0.0034	41.0	104.0	0.0137	2.9863	42.6564
YNL157W_mRNA	YNL157W	622	1353	566.0	0.4183	385.15	770.0	0.0257	0.0	6.0	0.5643	1.9453	48.336
YNL159C_mRNA	YNL159C	133	1682	611.0	0.3633	7.0	528.0	0.0752	90.6	347.0	0.0226	2.4511	50.3985
YNL160W_mRNA	YNL160W	445	2360	660.0	0.2797	0.2	1228.0	0.0584	307.0	327.0	0.0	19.7573	50.1618
YNL161W_mRNA	YNL161W	175	2876	586.0	0.2038	540.9	2055.0	0.0171	24.7	93.0	0.0343	3.88	39.32
YNL162W-A_mRNA	YNL162W-A	57	721	558.0	0.7739	3.2	47.0	0.0877	38.0	97.0	0.0	9.7368	35.4561
YNL162W_mRNA	YNL162W	8490	488	412.0	0.8443	10.0	23.0	0.0539	45.0	54.0	0.0004	5.0923	39.09
YNL163C_mRNA	YNL163C	140	3568	470.5	0.1319	1438.5	3083.5	0.0	0.0	7.5	0.7429	1.7	43.4
YNL164C_mRNA	YNL164C	103	1568	577.0	0.368	28.1	730.0	0.0	104.4	231.0	0.0485	1.8641	40.7476
YNL165W_mRNA	YNL165W	50	1568	618.5	0.3945	60.0	874.5	0.0	0.45	75.0	0.22	2.02	57.86
YNL166C_mRNA	YNL166C	96	1518	429.5	0.2829	173.5	1077.5	0.0	0.0	5.0	0.7188	2.1562	50.0625
YNL167C_mRNA	YNL167C	149	2551	570.0	0.2234	125.0	1937.0	0.0	0.0	15.0	0.3826	1.7919	51.1611
YNL168C_mRNA	YNL168C	192	1331	589.5	0.4429	350.0	727.5	0.0	0.0	5.5	0.8073	1.6042	47.7292
YNL169C_mRNA	YNL169C	62	1924	787.5	0.4093	1.1	696.0	0.0806	0.0	24.5	0.3065	39.4032	38.8871
YNL170W_mRNA	YNL170W	28	2301	466.5	0.2027	8.0	669.0	0.1071	1114.35	1161.0	0.0	3.8571	50.6071
YNL172W_mRNA	YNL172W	49	5655	586.0	0.1036	1428.4	4960.0	0.0204	8.0	40.0	0.1224	3.6122	40.4082
YNL173C_mRNA	YNL173C	109	1441	533.0	0.3699	78.4	792.0	0.0275	39.6	124.0	0.0459	3.5963	46.6606
YNL175C_mRNA	YNL175C	331	1452	597.0	0.4112	15.0	743.0	0.0242	84.0	91.0	0.003	3.9335	49.9033
YNL176C_mRNA	YNL176C	171	2350	466.0	0.1983	622.0	1870.0	0.0	0.0	11.0	0.3626	2.7018	48.7719
YNL177C_mRNA	YNL177C	95	1304	530.0	0.4064	16.0	635.0	0.0	27.0	149.0	0.0211	2.3579	41.1789
YNL178W_mRNA	YNL178W	18412	2034	764.0	0.3756	31.0	50.0	0.0048	1197.0	1206.0	0.0	2.5024	41.3257
YNL179C_mRNA	YNL179C	3	883	256.0	0.2899	0.0	0.0	0.6667	325.5	591.0	0.0	50.6667	10.0
YNL180C_mRNA	YNL180C	232	1353	491.5	0.3633	83.65	801.0	0.0043	0.0	9.0	0.5086	2.7414	46.069
YNL181W_mRNA	YNL181W	104	1442	721.0	0.5	36.15	673.5	0.0	6.15	32.0	0.2788	6.0481	50.8462
YNL182C_mRNA	YNL182C	233	2265	584.0	0.2578	459.0	1645.0	0.0	0.0	0.0	0.8326	1.7339	50.0687
YNL183C_mRNA	YNL183C	106	2846	567.5	0.1994	264.25	2228.0	0.0094	0.0	16.0	0.3774	5.1132	57.6981
YNL184C_mRNA	YNL184C	46	824	372.0	0.4515	127.25	421.0	0.0	0.0	6.0	0.587	3.1522	45.8696
YNL185C_mRNA	YNL185C	61	863	435.0	0.5041	16.0	314.0	0.0164	7.0	155.0	0.1148	1.7869	46.7705
YNL186W_mRNA	YNL186W	162	3270	493.5	0.1509	1009.95	2544.0	0.0	30.3	169.0	0.0123	4.0494	53.9506
YNL187W_mRNA	YNL187W	7	1668	944.0	0.5659	47.7	690.0	0.1429	0.9	22.0	0.4286	0.2857	55.1429
YNL188W_mRNA	YNL188W	40	1463	480.5	0.3284	77.7	981.0	0.0	0.0	6.0	0.75	1.975	52.35
YNL189W_mRNA	YNL189W	556	2091	466.5	0.2231	12.75	1484.0	0.0198	11.0	146.0	0.036	2.3813	45.5342
YNL190W_mRNA	YNL190W	635	1665	554.0	0.3327	44.0	893.0	0.0094	156.0	230.0	0.011	3.7622	46.6063
YNL191W_mRNA	YNL191W	57	1287	505.0	0.3924	23.6	662.0	0.0526	8.2	37.0	0.0702	5.0526	39.1754
YNL192W_mRNA	YNL192W	823	3590	604.0	0.1682	1090.9	2933.0	0.0012	1.0	22.0	0.3536	3.1397	47.0036
YNL193W_mRNA	YNL193W	44	1847	403.5	0.2185	34.75	1243.5	0.0227	13.0	65.0	0.0	4.0909	37.7273
YNL194C_mRNA	YNL194C	9	1207	312.0	0.2585	1.0	41.0	0.3333	0.0	30.0	0.4444	25.7778	43.2222
YNL195C_mRNA	YNL195C	31	1251	339.0	0.271	180.5	877.0	0.0323	0.0	0.0	0.9032	4.1935	42.4516
YNL196C_mRNA	YNL196C	3	1004	514.0	0.512	404.1	486.0	0.0	0.4	4.0	1.0	2.0	61.0
YNL197C_mRNA	YNL197C	122	3043	487.5	0.1602	569.25	2471.5	0.0	0.0	3.0	0.6721	2.4918	45.8607
YNL199C_mRNA	YNL199C	94	1913	410.0	0.2143	67.65	1475.0	0.0106	0.0	7.0	0.5213	2.0638	45.7553
YNL200C_mRNA	YNL200C	85	1014	739.0	0.7288	30.2	189.0	0.0235	24.0	56.0	0.0118	2.2353	43.5529
YNL201C_mRNA	YNL201C	119	3041	619.0	0.2036	238.8	2280.0	0.0252	0.0	11.0	0.4958	2.9916	54.2605
YNL202W_mRNA	YNL202W	13	1208	453.0	0.375	115.4	621.0	0.0	113.6	158.0	0.0	1.1538	48.6923
YNL204C_mRNA	YNL204C	5	1586	827.0	0.5214	36.8	719.0	0.2	0.0	32.0	0.4	56.8	43.4
YNL205C_mRNA	YNL205C	3	1558	467.0	0.2997	568.0	739.0	0.0	349.3	352.0	0.0	10.3333	6.3333
YNL206C_mRNA	YNL206C	39	1646	808.0	0.4909	8.9	403.0	0.0769	17.3	166.0	0.0513	2.3846	45.359
YNL207W_mRNA	YNL207W	68	2067	402.5	0.1947	5.0	1094.0	0.0735	501.7	613.0	0.0	1.6912	47.9559
YNL208W_mRNA	YNL208W	649	865	576.0	0.6659	125.2	258.0	0.0015	1.0	23.0	0.2727	2.6009	42.6441
YNL209W_mRNA	YNL209W	2774	2048	713.0	0.3481	52.0	1278.0	0.0007	11.0	21.0	0.0494	2.3255	40.646
YNL211C_mRNA	YNL211C	166	1858	442.0	0.2379	204.0	1397.0	0.0181	0.0	7.0	0.7169	1.8313	64.5542
YNL212W_mRNA	YNL212W	148	2591	635.0	0.2451	37.7	1797.0	0.0135	2.0	16.0	0.2095	1.9865	50.4662
YNL213C_mRNA	YNL213C	105	921	460.0	0.4995	2.2	380.0	0.0857	1.6	88.0	0.0667	4.8	38.8571
YNL214W_mRNA	YNL214W	104	1091	733.0	0.6719	222.0	319.0	0.0	0.0	6.0	0.7019	2.7308	51.2596
YNL215W_mRNA	YNL215W	34	1434	312.5	0.2179	580.7	790.5	0.0	299.0	332.0	0.0	3.8529	27.7059
YNL216W_mRNA	YNL216W	41	2749	609.0	0.2215	265.0	2055.0	0.0	1.0	12.0	0.4146	2.7561	48.2195
YNL217W_mRNA	YNL217W	674	1982	612.0	0.3088	815.25	1260.0	0.0015	18.0	40.0	0.003	2.138	43.0534
YNL218W_mRNA	YNL218W	26	2440	576.5	0.2363	88.75	1596.5	0.0	56.5	269.5	0.0385	1.5769	51.4615
YNL219C_mRNA	YNL219C	128	2002	584.5	0.292	37.0	1411.5	0.0078	2.35	6.5	0.7656	7.1797	50.9297
YNL220W_mRNA	YNL220W	520	1618	544.5	0.3365	26.95	951.5	0.0096	10.9	114.0	0.05	3.0173	42.875
YNL221C_mRNA	YNL221C	103	2871	410.0	0.1428	370.7	2407.0	0.0	0.0	8.0	0.534	2.1456	59.0874
YNL222W_mRNA	YNL222W	150	1009	604.5	0.5991	120.0	200.0	0.0267	3.45	60.0	0.0867	10.3	55.3733
YNL223W_mRNA	YNL223W	53	1610	472.0	0.2932	39.0	1061.0	0.0	10.6	27.0	0.0566	2.0566	33.0566
YNL224C_mRNA	YNL224C	110	2714	471.5	0.1737	1126.55	2218.0	0.0	14.0	35.0	0.0273	2.5455	40.8636
YNL225C_mRNA	YNL225C	92	1907	695.5	0.3647	47.2	1186.0	0.0	0.0	18.0	0.4674	2.0978	54.1413
YNL226W_mRNA	YNL226W	3	594	562.0	0.9461	3.6	9.0	0.6667	2.3	23.0	0.3333	2.6667	53.0
YNL227C_mRNA	YNL227C	23	1944	397.0	0.2042	354.6	1450.0	0.0	0.0	9.0	0.7391	1.2609	39.9565
YNL229C_mRNA	YNL229C	172	1422	446.5	0.314	6.55	905.5	0.093	0.0	0.0	0.7674	2.2616	92.314
YNL230C_mRNA	YNL230C	19	1590	389.0	0.2447	0.0	735.0	0.1579	0.0	10.0	0.5263	4.4737	47.8947
YNL231C_mRNA	YNL231C	503	1811	640.0	0.3534	524.0	1043.0	0.0	0.0	2.0	0.8767	2.0497	45.7853
YNL232W_mRNA	YNL232W	146	1140	605.5	0.5311	29.0	427.0	0.0068	0.0	107.5	0.2397	1.8973	45.863
YNL233W_mRNA	YNL233W	59	3049	476.0	0.1561	883.0	2533.0	0.0169	1.0	13.0	0.1695	1.8814	41.1356
YNL234W_mRNA	YNL234W	55	1458	768.0	0.5267	10.4	625.0	0.0545	49.7	61.0	0.0364	2.2364	56.3091
YNL236W_mRNA	YNL236W	90	3065	483.0	0.1576	26.25	2488.5	0.0111	1.0	5.5	0.5778	2.3889	36.6556
YNL237W_mRNA	YNL237W	8	1627	352.5	0.2167	756.95	1243.0	0.0	5.7	7.5	0.75	3.0	49.375
YNL238W_mRNA	YNL238W	133	2894	499.0	0.1724	492.4	2370.0	0.0075	1.0	13.0	0.4211	5.594	53.3534
YNL239W_mRNA	YNL239W	217	1849	751.0	0.4062	257.0	1070.0	0.0	0.0	5.0	0.6959	2.4516	59.1889
YNL240C_mRNA	YNL240C	77	1637	432.0	0.2639	28.8	1186.0	0.013	0.0	2.0	0.6753	2.6234	43.7922
YNL241C_mRNA	YNL241C	341	1950	712.0	0.3651	102.0	1156.0	0.0	37.0	45.0	0.0205	2.3871	44.4751
YNL242W_mRNA	YNL242W	29	5117	438.0	0.0856	689.4	4259.0	0.0	1.0	8.0	0.5517	5.1379	46.2414
YNL243W_mRNA	YNL243W	175	3051	570.0	0.1868	1366.3	2462.0	0.0	0.0	10.0	0.52	2.5943	44.2629
YNL244C_mRNA	YNL244C	3246	573	475.0	0.829	76.0	85.0	0.0006	3.0	6.0	0.6657	1.6423	38.5086
YNL245C_mRNA	YNL245C	31	1625	463.0	0.2849	55.5	739.0	0.0323	0.5	442.0	0.0968	8.6774	51.2581
YNL246W_mRNA	YNL246W	50	1574	478.5	0.304	6.8	607.0	0.1	5.4	500.0	0.06	3.2	41.9
YNL247W_mRNA	YNL247W	291	2512	437.0	0.174	704.0	2011.0	0.0	0.0	50.0	0.0687	1.2577	34.0619
YNL248C_mRNA	YNL248C	598	1593	695.5	0.4366	25.0	804.0	0.01	66.0	81.0	0.0033	2.2324	43.9548
YNL249C_mRNA	YNL249C	63	2302	593.0	0.2576	3.2	903.0	0.0635	13.0	548.0	0.0	6.4921	50.5397
YNL250W_mRNA	YNL250W	50	4580	769.0	0.1679	961.6	3757.5	0.02	0.0	1.0	0.7	2.3	87.3
YNL251C_mRNA	YNL251C	164	2165	360.5	0.1665	0.15	78.5	0.1402	6.0	1329.5	0.1524	3.5122	49.5183
YNL252C_mRNA	YNL252C	127	1049	505.0	0.4814	31.0	508.0	0.0	11.0	39.0	0.0079	1.7402	45.126
YNL253W_mRNA	YNL253W	103	1470	861.0	0.5857	4.0	534.0	0.1553	3.7	20.0	0.068	6.6214	49.3883
YNL254C_mRNA	YNL254C	3	1480	931.0	0.6291	16.8	33.0	0.0	180.1	478.0	0.0	1.0	30.0
YNL255C_mRNA	YNL255C	3781	2165	685.0	0.3164	1431.0	1448.0	0.0003	0.0	7.0	0.5821	2.0016	60.4843
YNL256W_mRNA	YNL256W	174	2625	470.5	0.1792	72.8	2106.0	0.0057	0.0	7.0	0.7126	3.2184	51.7644
YNL257C_mRNA	YNL257C	62	3786	516.5	0.1364	965.9	2875.5	0.0	0.0	3.0	0.6935	2.2097	50.5484
YNL258C_mRNA	YNL258C	95	2413	1019.0	0.4223	41.6	1291.0	0.0211	0.0	19.0	0.2737	2.0632	41.7263
YNL259C_mRNA	YNL259C	499	1532	319.0	0.2082	367.2	1207.0	0.014	0.0	2.0	0.7395	1.6733	56.7836
YNL260C_mRNA	YNL260C	66	899	776.5	0.8637	10.25	54.0	0.0606	0.0	14.0	0.4545	1.2727	42.8485
YNL261W_mRNA	YNL261W	162	3010	551.5	0.1832	496.4	1642.5	0.0	462.05	559.0	0.0123	1.9877	49.6235
YNL262W_mRNA	YNL262W	47	6843	588.0	0.0859	2296.3	5300.0	0.0	1.0	29.0	0.1277	3.8085	41.2979
YNL263C_mRNA	YNL263C	183	1313	606.0	0.4615	13.0	589.0	0.0109	6.8	118.0	0.0546	2.5628	46.9891
YNL264C_mRNA	YNL264C	140	1457	440.0	0.302	50.0	869.5	0.0	42.75	208.0	0.05	1.5786	44.0286
YNL265C_mRNA	YNL265C	75	1314	583.0	0.4437	122.6	592.0	0.0	37.0	132.0	0.0133	5.8533	40.48
YNL267W_mRNA	YNL267W	115	3569	492.0	0.1379	678.9	2952.0	0.0	0.0	2.0	0.7739	2.4174	74.9826
YNL268W_mRNA	YNL268W	550	2168	389.5	0.1797	25.0	1648.0	0.0291	52.0	140.0	0.0182	3.3527	43.2345
YNL270C_mRNA	YNL270C	3	1722	260.0	0.151	1399.9	1462.0	0.0	0.0	0.0	1.0	2.0	144.6667
YNL271C_mRNA	YNL271C	142	6299	459.0	0.0729	3329.65	5812.0	0.0	0.0	18.0	0.4085	1.8944	44.5211
YNL272C_mRNA	YNL272C	105	2493	357.0	0.1432	12.2	2062.0	0.0286	0.0	9.0	0.5238	1.6762	45.7238
YNL273W_mRNA	YNL273W	36	3827	483.0	0.1262	1179.75	3319.0	0.0	0.0	10.5	0.5	1.3333	71.3611
YNL274C_mRNA	YNL274C	117	1305	616.0	0.472	45.6	642.0	0.0085	2.8	57.0	0.0769	6.2564	46.8974
YNL275W_mRNA	YNL275W	66	2077	368.0	0.1772	67.0	1634.5	0.0	0.0	5.0	0.6818	2.8636	47.1818
YNL276C_mRNA	YNL276C	7	1835	601.0	0.3275	82.8	1230.0	0.1429	0.0	1.0	0.8571	35.5714	41.0
YNL277W-A_mRNA	YNL277W-A	5	507	343.0	0.6765	2.4	139.0	0.2	1.4	11.0	0.4	3.6	28.6
YNL277W_mRNA	YNL277W	71	1680	321.0	0.1911	265.5	1349.0	0.0282	0.0	4.0	0.5493	2.7606	40.0
YNL278W_mRNA	YNL278W	35	3821	504.0	0.1319	25.3	2724.0	0.0286	5.9	19.0	0.1143	4.8	54.6286
YNL279W_mRNA	YNL279W	8	2246	426.0	0.1897	454.3	1587.5	0.0	0.0	0.0	0.75	3.0	65.5
YNL280C_mRNA	YNL280C	166	1645	743.0	0.4517	149.0	492.0	0.0	0.0	11.0	0.3855	6.1506	46.6807
YNL281W_mRNA	YNL281W	1337	1421	602.0	0.4236	748.0	798.0	0.0	0.0	2.0	0.8384	2.4503	54.6088
YNL283C_mRNA	YNL283C	96	3070	594.0	0.1935	34.75	2218.5	0.0104	0.0	16.0	0.4583	5.8125	90.4479
YNL284C-A_mRNA	YNL284C-A	1	1323	219.0	0.1655	828.0	828.0	0.0	276.0	276.0	0.0	3.0	79.0
YNL284C-B_mRNA	YNL284C-B	1330	5268	507.5	0.0963	4167.0	4716.5	0.0	0.0	0.0	0.8887	2.3248	327.3361
YNL284C_mRNA	YNL284C	223	1480	758.0	0.5122	464.0	702.0	0.0	0.0	14.0	0.4664	2.0224	42.2018
YNL285W_mRNA	YNL285W	1	372	367.0	0.9866	0.0	0.0	1.0	5.0	5.0	1.0	105.0	98.0
YNL286W_mRNA	YNL286W	56	1102	307.0	0.2786	73.75	762.5	0.0	0.0	7.5	0.6429	1.5714	38.5536
YNL287W_mRNA	YNL287W	598	3245	588.5	0.1814	38.0	2630.0	0.0	1.0	11.0	0.49	2.0619	44.097
YNL288W_mRNA	YNL288W	95	1439	723.0	0.5024	20.8	625.0	0.0105	2.8	27.0	0.0947	2.4211	41.6211
YNL289W_mRNA	YNL289W	133	1058	381.0	0.3601	14.6	666.0	0.0075	0.0	12.0	0.3534	1.0902	32.8195
YNL290W_mRNA	YNL290W	96	1282	570.0	0.4446	1.5	500.5	0.1354	120.0	146.5	0.0208	3.3958	46.1042
YNL291C_mRNA	YNL291C	104	2038	514.5	0.2525	106.7	1475.5	0.0	0.0	50.0	0.1731	2.5673	53.2692
YNL292W_mRNA	YNL292W	90	1556	428.5	0.2754	57.9	963.0	0.0111	146.0	167.0	0.0	2.4333	43.1889
YNL293W_mRNA	YNL293W	92	2061	559.0	0.2712	177.1	1390.0	0.0109	4.0	6.5	0.5652	2.1413	47.8804
YNL294C_mRNA	YNL294C	154	2508	380.5	0.1517	39.95	1535.5	0.0065	552.0	578.5	0.0	2.9026	47.2273
YNL295W_mRNA	YNL295W	50	1867	621.5	0.3329	42.1	994.0	0.0	0.0	5.5	0.68	4.3	48.32
YNL297C_mRNA	YNL297C	185	5025	494.0	0.0983	1214.4	4423.0	0.0	0.0	2.0	0.8216	3.4324	84.6811
YNL298W_mRNA	YNL298W	81	2870	528.0	0.184	1033.0	2289.0	0.0	3.0	38.0	0.1235	4.4938	61.3951
YNL299W_mRNA	YNL299W	16	2097	244.5	0.1166	25.0	1848.5	0.0	0.0	1.0	0.8125	1.875	48.5625
YNL300W_mRNA	YNL300W	260	1279	599.0	0.4683	620.75	658.5	0.0192	1.0	1.0	0.7462	8.9769	48.7769
YNL301C_mRNA	YNL301C	685	999	513.0	0.5135	243.0	399.0	0.0	0.0	2.0	0.8204	24.1854	38.3314
YNL302C_mRNA	YNL302C	4293	849	549.0	0.6466	185.0	202.0	0.0	17.0	80.0	0.0231	2.5162	41.871
YNL303W_mRNA	YNL303W	18	1342	425.5	0.3171	73.4	732.0	0.0556	53.55	181.5	0.0556	9.1111	49.8333
YNL304W_mRNA	YNL304W	18	1493	460.0	0.3081	443.35	967.5	0.0	63.7	73.0	0.0	1.0	59.2778
YNL305C_mRNA	YNL305C	133	1198	740.0	0.6177	189.0	458.0	0.0	0.0	3.0	0.8571	1.797	62.0075
YNL306W_mRNA	YNL306W	142	834	593.5	0.7116	52.0	195.0	0.0	0.0	22.0	0.1408	1.838	39.8732
YNL307C_mRNA	YNL307C	211	1679	531.0	0.3163	15.0	1042.0	0.019	37.0	48.0	0.019	2.1706	53.0142
YNL308C_mRNA	YNL308C	89	1970	294.0	0.1492	937.0	1616.0	0.0	19.0	51.0	0.0	1.9213	42.7753
YNL309W_mRNA	YNL309W	36	1561	287.5	0.1842	253.25	1190.0	0.0278	4.5	45.0	0.1667	5.9722	44.1111
YNL310C_mRNA	YNL310C	50	773	598.0	0.7736	15.0	61.0	0.02	39.3	102.0	0.04	1.44	30.42
YNL311C_mRNA	YNL311C	118	2474	502.0	0.2029	314.05	1953.0	0.0	0.0	5.0	0.8644	2.9153	63.5508
YNL312W_mRNA	YNL312W	174	1054	704.5	0.6684	10.0	226.5	0.1207	2.0	112.0	0.0862	3.2356	42.2241
YNL313C_mRNA	YNL313C	85	2840	505.0	0.1778	630.4	2314.0	0.0	0.0	0.0	0.8706	5.4471	40.9412
YNL314W_mRNA	YNL314W	22	926	346.0	0.3737	66.55	575.0	0.0	0.0	6.0	0.6364	2.9091	39.0455
YNL315C_mRNA	YNL315C	161	1093	460.0	0.4209	43.0	605.0	0.0	0.0	5.0	0.7143	1.0807	38.9503
YNL316C_mRNA	YNL316C	77	1151	513.0	0.4457	14.8	569.0	0.0	20.0	35.0	0.0	1.3636	40.5195
YNL317W_mRNA	YNL317W	41	1637	446.0	0.2724	35.0	1042.0	0.0	105.0	134.0	0.0488	1.878	43.6829
YNL318C_mRNA	YNL318C	1	1623	592.0	0.3648	1031.0	1031.0	0.0	0.0	0.0	1.0	0.0	60.0
YNL319W_mRNA	YNL319W	55	1434	368.0	0.2566	5.0	701.0	0.1636	339.0	349.0	0.0	4.7818	42.3091
YNR001C_mRNA	YNR001C	447	1852	628.0	0.3391	91.9	1058.0	0.0	3.0	80.0	0.1007	2.8904	48.0895
YNR001W-A_mRNA	YNR001W-A	4	600	298.5	0.4975	21.3	117.0	0.0	168.1	180.0	0.0	3.5	6.0
YNR002C_mRNA	YNR002C	22	1154	291.0	0.2522	142.0	814.0	0.0	0.0	11.0	0.5	2.6818	56.1818
YNR003C_mRNA	YNR003C	206	1477	605.0	0.4096	31.0	509.5	0.0097	5.0	375.5	0.0631	3.9806	38.4806
YNR004W_mRNA	YNR004W	71	1331	379.0	0.2847	14.0	462.0	0.0423	2.0	266.0	0.2113	3.9014	44.4085
YNR006W_mRNA	YNR006W	108	2077	413.0	0.1988	52.0	1614.5	0.0093	1.05	35.0	0.1481	2.5926	42.2593
YNR007C_mRNA	YNR007C	79	1321	585.0	0.4428	68.1	713.0	0.0	0.0	3.0	0.8228	5.0886	49.4937
YNR008W_mRNA	YNR008W	35	2334	700.0	0.2999	38.6	1139.0	0.0286	47.0	52.0	0.0	4.9143	42.6571
YNR009W_mRNA	YNR009W	36	1666	482.0	0.2893	79.0	794.5	0.0278	0.0	6.5	0.5833	2.6944	54.8611
YNR010W_mRNA	YNR010W	157	652	380.0	0.5828	55.0	245.0	0.0191	0.0	21.0	0.3503	3.4395	46.9618
YNR011C_mRNA	YNR011C	27	2837	379.0	0.1336	939.6	2404.0	0.037	15.0	24.0	0.037	9.2963	43.037
YNR012W_mRNA	YNR012W	156	1713	501.5	0.2928	66.5	1179.5	0.0	0.0	4.0	0.8077	2.3782	49.9551
YNR013C_mRNA	YNR013C	170	2888	552.0	0.1911	939.9	2260.0	0.0	0.0	9.0	0.5529	6.1824	45.8706
YNR014W_mRNA	YNR014W	32	891	494.0	0.5544	49.55	350.5	0.0	1.0	13.0	0.4688	3.5312	47.125
YNR015W_mRNA	YNR015W	58	1303	783.5	0.6013	26.85	489.0	0.0	0.0	16.5	0.3793	1.6379	44.7931
YNR016C_mRNA	YNR016C	1263	6886	417.0	0.0606	4173.0	6445.0	0.0016	0.0	9.0	0.6421	2.5329	46.8496
YNR017W_mRNA	YNR017W	182	1515	780.0	0.5149	191.2	568.0	0.0055	0.0	106.0	0.1648	2.2857	43.7637
YNR018W_mRNA	YNR018W	220	1198	685.5	0.5722	352.95	448.0	0.0	0.0	2.0	0.6591	3.0273	39.9227
YNR019W_mRNA	YNR019W	214	1929	363.5	0.1884	0.0	1530.0	0.0654	0.0	3.0	0.9112	3.243	130.0093
YNR020C_mRNA	YNR020C	29	1235	381.0	0.3085	459.4	854.0	0.0	0.0	0.0	0.9655	5.1034	31.7586
YNR021W_mRNA	YNR021W	384	1736	415.0	0.2391	21.15	983.0	0.0182	262.0	338.0	0.0	4.9505	40.9479
YNR022C_mRNA	YNR022C	178	704	525.0	0.7457	155.4	167.0	0.0112	0.0	3.0	0.6461	6.2697	49.8483
YNR023W_mRNA	YNR023W	59	1858	520.0	0.2799	5.9	1306.0	0.0847	18.0	26.0	0.0339	2.9153	32.9831
YNR024W_mRNA	YNR024W	36	800	365.5	0.4569	10.25	311.0	0.0556	61.5	122.0	0.0	1.4444	38.0278
YNR025C_mRNA	YNR025C	29	1347	409.0	0.3036	184.2	676.0	0.0	232.2	239.0	0.0	3.6552	43.7586
YNR026C_mRNA	YNR026C	48	1802	625.0	0.3468	9.4	1154.5	0.0625	4.0	9.0	0.5417	1.6042	46.6458
YNR027W_mRNA	YNR027W	49	1408	1102.0	0.7827	149.6	264.0	0.0	0.0	11.0	0.4694	3.1837	55.9592
YNR028W_mRNA	YNR028W	193	1939	505.0	0.2604	429.4	1252.0	0.0	39.2	66.0	0.0155	2.1917	42.7565
YNR029C_mRNA	YNR029C	86	1505	809.5	0.5379	1.0	593.0	0.1512	55.25	92.0	0.0	3.093	47.2209
YNR030W_mRNA	YNR030W	164	1959	470.5	0.2402	16.0	1310.0	0.0305	73.75	100.0	0.0244	3.4146	57.6585
YNR031C_mRNA	YNR031C	82	4999	587.0	0.1174	3264.35	4344.5	0.0	0.0	13.0	0.4146	1.1098	48.3293
YNR032C-A_mRNA	YNR032C-A	335	1004	341.0	0.3396	50.0	85.0	0.0209	515.4	588.0	0.0	2.7791	41.009
YNR032W_mRNA	YNR032W	79	1387	721.0	0.5198	49.0	558.0	0.0	1.0	12.0	0.3291	1.3797	31.3671
YNR033W_mRNA	YNR033W	61	2827	486.0	0.1719	397.0	2333.0	0.0	1.0	10.0	0.5246	3.2623	37.2295
YNR034W-A_mRNA	YNR034W-A	487	591	454.0	0.7682	2.0	125.0	0.0595	1.0	9.0	0.7598	4.7002	46.076
YNR034W_mRNA	YNR034W	55	1360	961.0	0.7066	33.6	324.0	0.0182	0.7	15.0	0.3091	3.9818	50.8182
YNR035C_mRNA	YNR035C	212	1231	632.0	0.5134	20.0	490.0	0.0094	70.4	88.0	0.0236	2.9292	32.6698
YNR036C_mRNA	YNR036C	130	797	468.5	0.5878	10.45	141.5	0.0538	150.0	164.0	0.0	1.9385	43.6231
YNR037C_mRNA	YNR037C	159	523	389.0	0.7438	40.7	59.0	0.0	29.5	75.0	0.0314	2.9308	38.9686
YNR038W_mRNA	YNR038W	86	2084	422.0	0.2025	227.0	1627.5	0.0	0.0	7.0	0.6279	2.7558	43.0581
YNR039C_mRNA	YNR039C	77	1910	461.0	0.2414	47.0	1445.0	0.026	0.0	0.0	0.6753	1.5455	53.026
YNR040W_mRNA	YNR040W	28	946	790.5	0.8356	25.35	50.5	0.0357	92.0	100.0	0.0	5.2143	31.9286
YNR041C_mRNA	YNR041C	101	1266	673.0	0.5316	67.0	513.0	0.0	0.0	11.0	0.495	3.3465	41.9406
YNR043W_mRNA	YNR043W	477	1750	502.0	0.2869	32.0	861.0	0.0042	360.0	381.0	0.0147	2.7945	40.9203
YNR044W_mRNA	YNR044W	68	2716	309.0	0.1138	428.7	2219.5	0.0	0.7	8.0	0.7353	2.9118	50.0735
YNR045W_mRNA	YNR045W	18	1630	1059.0	0.6497	40.85	505.0	0.0	55.0	59.0	0.0	2.6111	46.6111
YNR046W_mRNA	YNR046W	285	1443	529.0	0.3666	850.4	895.0	0.007	0.0	8.0	0.5298	4.4667	44.6035
YNR047W_mRNA	YNR047W	85	3005	521.0	0.1734	67.0	2438.0	0.0	0.0	43.0	0.2706	2.8824	44.4824
YNR048W_mRNA	YNR048W	57	1473	579.0	0.3931	32.2	830.0	0.0175	11.4	48.0	0.0526	1.8421	56.9649
YNR049C_mRNA	YNR049C	242	1717	426.0	0.2481	21.05	365.0	0.0455	5.05	1021.5	0.1446	4.1157	44.686
YNR050C_mRNA	YNR050C	513	1999	736.0	0.3682	173.0	1122.0	0.0078	7.6	38.0	0.2612	3.6706	47.4932
YNR051C_mRNA	YNR051C	142	2743	390.0	0.1422	7.0	2228.5	0.0845	3.05	13.0	0.2746	6.0915	43.8169
YNR052C_mRNA	YNR052C	217	1512	515.0	0.3406	32.8	963.0	0.0046	3.0	25.0	0.1106	3.5991	50.2535
YNR053C_mRNA	YNR053C	238	1888	569.0	0.3014	173.85	1134.5	0.0	38.0	171.0	0.0126	10.9412	48.5462
YNR054C_mRNA	YNR054C	41	1243	405.0	0.3258	16.0	584.0	0.0244	77.0	218.0	0.0	9.5366	36.6829
YNR055C_mRNA	YNR055C	188	2434	458.0	0.1882	0.35	1708.0	0.0585	0.0	131.5	0.1011	16.9149	52.8883
YNR056C_mRNA	YNR056C	19	2678	540.0	0.2016	300.8	357.0	0.0	1594.0	1784.0	0.0526	1.8421	41.3158
YNR057C_mRNA	YNR057C	6	919	553.0	0.6017	29.0	362.5	0.1667	0.0	5.0	0.6667	49.1667	47.3333
YNR058W_mRNA	YNR058W	24	1842	496.5	0.2695	218.35	1328.5	0.0	0.0	1.0	0.875	6.3333	45.5417
YNR059W_mRNA	YNR059W	54	1945	494.5	0.2542	48.6	1135.5	0.0185	0.0	33.5	0.3889	2.9815	89.5926
YNR060W_mRNA	YNR060W	15	2821	339.0	0.1202	163.8	1414.0	0.0667	0.7	1.0	0.7333	12.0	46.3333
YNR061C_mRNA	YNR061C	259	1144	550.0	0.4808	12.9	499.0	0.0116	53.0	77.0	0.0077	5.5753	52.4788
YNR062C_mRNA	YNR062C	14	984	304.5	0.3095	367.65	679.5	0.0	0.0	0.0	0.9286	1.7143	277.0
YNR063W_mRNA	YNR063W	7	2886	1220.0	0.4227	101.5	1550.0	0.1429	0.3	11.0	0.4286	3.1429	130.0
YNR064C_mRNA	YNR064C	8	1179	1093.5	0.9275	30.0	68.0	0.0	0.0	6.5	0.625	5.25	49.375
YNR065C_mRNA	YNR065C	100	4222	558.5	0.1323	692.05	3507.0	0.02	0.0	23.5	0.36	12.03	40.8
YNR066C_mRNA	YNR066C	13	1311	475.0	0.3623	0.0	3.0	0.5385	375.8	777.0	0.0	24.6923	34.8462
YNR067C_mRNA	YNR067C	256	3497	400.0	0.1144	148.0	3043.0	0.0117	0.0	19.0	0.2266	5.0977	48.8164
YNR068C_mRNA	YNR068C	126	2013	465.5	0.2312	196.0	1489.0	0.0238	0.0	14.0	0.2063	10.0159	50.9127
YNR069C_mRNA	YNR069C	59	2396	358.0	0.1494	0.0	2.0	0.6102	0.0	1709.0	0.2203	87.0339	111.3051
YNR070W_mRNA	YNR070W	1	5083	364.0	0.0716	49.0	49.0	0.0	4670.0	4670.0	0.0	4.0	9.0
YNR073C_mRNA	YNR073C	1	1923	92.0	0.0478	1831.0	1831.0	0.0	0.0	0.0	1.0	0.0	70.0
YNR075W_mRNA	YNR075W	41	2693	351.0	0.1303	0.0	565.0	0.0732	458.0	1804.0	0.0488	16.3171	63.2927
YNR076W_mRNA	YNR076W	77	1839	518.0	0.2817	395.0	1229.0	0.0	0.0	0.0	0.8961	15.4545	51.5065
YOL001W_mRNA	YOL001W	80	1497	384.0	0.2565	0.0	589.5	0.1375	1.0	8.5	0.525	21.3625	49.5625
YOL002C_mRNA	YOL002C	567	1308	969.0	0.7408	256.0	301.0	0.0	0.0	4.0	0.8095	2.9859	42.3404
YOL003C_mRNA	YOL003C	58	1352	440.5	0.3258	23.0	864.5	0.0	29.7	51.0	0.0345	1.5517	39.2414
YOL004W_mRNA	YOL004W	208	5164	568.0	0.11	1795.25	4577.0	0.0	0.0	12.0	0.4952	1.8269	49.149
YOL005C_mRNA	YOL005C	158	758	438.0	0.5778	252.85	266.5	0.0	0.0	53.0	0.1646	2.4177	42.3418
YOL006C_mRNA	YOL006C	101	2633	410.0	0.1557	417.0	2189.0	0.0	0.0	14.0	0.4158	1.7426	37.1881
YOL007C_mRNA	YOL007C	130	1714	462.0	0.2695	129.9	1053.5	0.0	96.15	130.0	0.0231	2.2	45.0308
YOL008W_mRNA	YOL008W	111	865	427.0	0.4936	12.5	401.0	0.018	25.0	47.0	0.036	3.6757	44.4685
YOL009C_mRNA	YOL009C	61	1295	476.0	0.3676	1.0	387.0	0.0984	24.0	246.0	0.0328	3.8197	39.2623
YOL010W_mRNA	YOL010W	217	1373	455.0	0.3314	34.0	806.0	0.0	80.8	106.0	0.0092	1.53	36.1475
YOL011W_mRNA	YOL011W	166	3103	502.0	0.1618	9.0	467.0	0.0904	1.0	2308.0	0.2169	4.5542	44.7711
YOL012C_mRNA	YOL012C	213	1390	624.0	0.4489	728.0	750.0	0.0	0.0	0.0	0.6056	1.8357	60.9718
YOL013C_mRNA	YOL013C	93	1921	449.0	0.2337	22.2	1422.0	0.0108	33.0	55.0	0.0538	3.086	37.9462
YOL013W-A_mRNA	YOL013W-A	17	192	126.0	0.6562	51.0	56.0	0.0	0.0	0.0	0.9412	5.1765	133.7647
YOL013W-B_mRNA	YOL013W-B	1	291	80.0	0.2749	0.0	0.0	1.0	211.0	211.0	0.0	87.0	79.0
YOL014W_mRNA	YOL014W	387	1180	431.0	0.3653	75.0	321.0	0.0129	341.0	358.0	0.0026	2.7132	48.5581
YOL015W_mRNA	YOL015W	25	2490	438.0	0.1759	462.4	1991.0	0.04	0.0	6.0	0.72	1.96	97.24
YOL016C_mRNA	YOL016C	1184	1708	458.0	0.2681	90.0	1081.0	0.0008	138.0	160.0	0.0068	2.6368	43.049
YOL017W_mRNA	YOL017W	17	2345	684.0	0.2917	748.6	1204.0	0.0	8.0	379.0	0.2941	1.3529	48.6471
YOL018C_mRNA	YOL018C	83	1543	550.0	0.3564	52.9	896.0	0.0	2.4	76.0	0.0723	3.9157	50.0361
YOL019W-A_mRNA	YOL019W-A	1	153	141.0	0.9216	6.0	6.0	1.0	6.0	6.0	1.0	31.0	237.0
YOL019W_mRNA	YOL019W	68	2031	457.5	0.2253	23.0	1398.0	0.0	0.7	11.5	0.4559	2.6324	44.6324
YOL020W_mRNA	YOL020W	204	2060	505.0	0.2451	34.15	1484.0	0.0294	3.0	18.0	0.0588	3.6618	47.7157
YOL021C_mRNA	YOL021C	217	3333	422.0	0.1266	1322.4	2872.0	0.0	0.0	16.0	0.2442	5.7235	37.0184
YOL022C_mRNA	YOL022C	270	1434	627.0	0.4372	18.45	729.5	0.0148	59.0	70.5	0.0074	2.037	43.1259
YOL023W_mRNA	YOL023W	34	2392	539.0	0.2253	1155.5	1849.5	0.0	0.0	6.0	0.6176	3.6176	38.6471
YOL024W_mRNA	YOL024W	1	628	168.0	0.2675	460.0	460.0	0.0	0.0	0.0	1.0	0.0	71.0
YOL025W_mRNA	YOL025W	65	2188	605.0	0.2765	31.0	1432.0	0.0	49.8	97.0	0.0462	3.6615	61.0462
YOL026C_mRNA	YOL026C	96	670	397.5	0.5933	3.0	51.0	0.0938	139.25	206.0	0.0	2.1562	37.5521
YOL027C_mRNA	YOL027C	71	1974	404.0	0.2047	16.0	1504.0	0.0423	34.0	38.0	0.0141	2.169	47.6761
YOL028C_mRNA	YOL028C	38	1878	656.0	0.3493	504.0	1213.0	0.0	0.0	2.0	0.8947	1.8421	52.4211
YOL029C_mRNA	YOL029C	48	1587	494.5	0.3116	190.4	1067.0	0.0	3.0	11.0	0.4375	1.4167	49.0
YOL030W_mRNA	YOL030W	319	1884	676.0	0.3588	228.0	1170.0	0.0	0.0	7.0	0.7712	3.4639	64.0219
YOL031C_mRNA	YOL031C	123	1479	464.0	0.3137	23.0	901.0	0.0244	14.0	72.0	0.0407	4.6667	42.6911
YOL032W_mRNA	YOL032W	265	947	563.0	0.5945	69.0	318.0	0.0038	0.0	31.0	0.0906	1.8226	44.7887
YOL033W_mRNA	YOL033W	59	1818	600.0	0.33	9.8	1180.0	0.0678	4.0	38.0	0.1695	1.4068	45.5085
YOL034W_mRNA	YOL034W	61	3449	412.0	0.1195	2065.0	3034.0	0.0	0.0	3.0	0.7869	1.5902	61.7541
YOL036W_mRNA	YOL036W	177	2820	398.0	0.1411	21.0	2347.0	0.0395	0.0	5.0	0.6384	3.9266	45.5876
YOL038C-A_mRNA	YOL038C-A	44	395	338.5	0.857	23.15	34.0	0.0455	20.0	29.0	0.0455	2.9091	43.1136
YOL038W_mRNA	YOL038W	381	1379	656.0	0.4757	20.0	209.0	0.0262	31.0	504.0	0.021	2.5197	38.4882
YOL039W_mRNA	YOL039W	3819	1748	515.0	0.2946	1205.0	1231.0	0.0	0.0	1.0	0.9578	2.2752	51.6434
YOL040C_mRNA	YOL040C	4764	818	515.0	0.6296	11.0	70.0	0.016	212.0	223.0	0.0	1.8822	38.5092
YOL041C_mRNA	YOL041C	246	1644	422.5	0.257	93.25	1143.0	0.0041	37.25	58.0	0.0163	2.3008	38.1626
YOL042W_mRNA	YOL042W	127	1538	736.0	0.4785	171.3	721.0	0.0157	0.0	13.0	0.3701	6.315	61.6614
YOL043C_mRNA	YOL043C	31	1359	648.0	0.4768	29.5	690.0	0.0	0.0	5.0	0.6774	1.2903	53.6774
YOL044W_mRNA	YOL044W	77	1400	682.0	0.4871	17.0	606.0	0.013	78.0	112.0	0.0	1.8701	49.1818
YOL045W_mRNA	YOL045W	157	4102	694.0	0.1692	1066.8	3332.0	0.0	0.0	3.0	0.7006	1.9682	51.707
YOL047C_mRNA	YOL047C	2	1071	254.0	0.2372	781.0	817.0	0.0	0.0	0.0	1.0	2.0	138.5
YOL048C_mRNA	YOL048C	190	1247	609.5	0.4888	44.45	565.5	0.0105	0.0	56.0	0.1211	2.4737	47.8789
YOL049W_mRNA	YOL049W	302	1685	554.5	0.3291	45.0	1103.5	0.0033	5.0	19.0	0.2219	3.0232	50.9007
YOL050C_mRNA	YOL050C	1	594	284.0	0.4781	79.0	79.0	0.0	231.0	231.0	0.0	0.0	4.0
YOL051W_mRNA	YOL051W	159	3647	431.0	0.1182	1420.8	3165.0	0.0189	3.8	12.0	0.4843	2.6918	49.8805
YOL052C-A_mRNA	YOL052C-A	94	514	477.0	0.928	24.0	29.5	0.0	0.0	2.0	0.6809	4.2979	52.7021
YOL052C_mRNA	YOL052C	89	1475	788.0	0.5342	110.0	631.0	0.0	0.0	18.0	0.3146	2.8315	51.7416
YOL053W_mRNA	YOL053W	132	1368	816.0	0.5965	147.85	509.0	0.0	0.0	13.0	0.4697	2.9545	52.6742
YOL054W_mRNA	YOL054W	29	1492	377.0	0.2527	833.0	1113.0	0.0	0.0	4.0	0.5172	3.0	49.6207
YOL055C_mRNA	YOL055C	51	2033	529.0	0.2602	0.5	1376.0	0.0784	0.0	2.0	0.6863	18.9412	48.4706
YOL056W_mRNA	YOL056W	103	1211	532.0	0.4393	47.4	655.0	0.0	1.0	5.0	0.5243	1.7476	41.7282
YOL057W_mRNA	YOL057W	202	2395	545.0	0.2276	78.1	1796.5	0.0	37.0	50.0	0.0297	2.6584	47.396
YOL058W_mRNA	YOL058W	499	1545	634.0	0.4104	12.0	782.0	0.024	55.0	71.0	0.0	2.3467	41.7856
YOL059W_mRNA	YOL059W	294	1667	781.0	0.4685	93.0	609.5	0.0034	3.0	83.5	0.0952	2.6837	40.7517
YOL060C_mRNA	YOL060C	126	2464	432.5	0.1755	68.0	1953.5	0.0476	1.0	24.0	0.4206	9.4365	44.881
YOL061W_mRNA	YOL061W	444	1749	579.0	0.331	3.15	1100.0	0.0788	50.0	72.0	0.0023	3.3266	49.6194
YOL062C_mRNA	YOL062C	193	1580	604.0	0.3823	13.6	953.0	0.0155	0.0	5.0	0.5855	2.0104	47.342
YOL063C_mRNA	YOL063C	55	3002	593.0	0.1975	73.6	2320.0	0.0	2.1	4.0	0.5636	2.9636	41.2364
YOL064C_mRNA	YOL064C	456	1276	839.5	0.6579	71.0	397.0	0.0	0.0	11.0	0.4737	2.6469	46.9013
YOL065C_mRNA	YOL065C	49	1517	656.0	0.4324	32.4	622.0	0.0	158.2	226.0	0.0	3.0408	37.0204
YOL066C_mRNA	YOL066C	28	2175	554.0	0.2547	381.6	1611.0	0.0	0.0	14.0	0.3929	4.3214	46.1786
YOL067C_mRNA	YOL067C	5	1637	641.0	0.3916	21.6	422.0	0.0	13.4	45.0	0.2	0.8	18.0
YOL068C_mRNA	YOL068C	121	2317	640.0	0.2762	233.0	1655.0	0.0165	0.0	6.0	0.7273	2.5455	91.843
YOL069W_mRNA	YOL069W	22	1549	535.5	0.3457	24.6	791.5	0.0455	3.0	32.0	0.1818	6.8182	30.6364
YOL070C_mRNA	YOL070C	130	1734	422.5	0.2437	17.05	1261.5	0.0462	0.0	55.0	0.2769	2.6231	43.0077
YOL071W_mRNA	YOL071W	140	777	566.5	0.7291	115.9	173.0	0.0	0.0	22.0	0.3786	1.6714	40.5714
YOL072W_mRNA	YOL072W	30	1502	632.5	0.4211	0.0	869.0	0.2	0.0	22.5	0.3333	1.1	41.1333
YOL073C_mRNA	YOL073C	74	1094	582.0	0.532	11.0	480.5	0.0	0.0	36.0	0.2027	1.9595	49.3784
YOL075C_mRNA	YOL075C	46	4384	929.0	0.2119	891.5	3198.5	0.0	0.0	62.5	0.1739	2.6739	76.3261
YOL076W_mRNA	YOL076W	143	3230	638.0	0.1975	23.1	1899.0	0.021	597.4	697.0	0.0	2.3217	45.979
YOL077C_mRNA	YOL077C	1153	1202	855.0	0.7113	9.0	173.0	0.052	134.0	157.0	0.0009	2.6834	40.7658
YOL077W-A_mRNA	YOL077W-A	1773	499	332.0	0.6653	14.0	30.0	0.0384	43.2	137.0	0.0164	2.4168	41.8658
YOL078W_mRNA	YOL078W	44	3627	574.5	0.1584	782.45	2951.5	0.0227	0.15	36.0	0.2273	8.5	68.7045
YOL080C_mRNA	YOL080C	163	1202	619.0	0.515	27.0	485.0	0.0307	48.5	110.0	0.0245	2.3129	44.7117
YOL081W_mRNA	YOL081W	1022	9628	597.0	0.062	2470.7	8665.5	0.0137	0.0	112.0	0.1986	2.6967	54.6663
YOL082W_mRNA	YOL082W	103	1659	603.0	0.3635	233.7	934.0	0.0	0.0	6.0	0.6117	2.2039	47.2039
YOL083W_mRNA	YOL083W	18	1476	914.5	0.6196	53.0	534.5	0.0	2.0	21.0	0.3333	0.8889	55.3333
YOL084W_mRNA	YOL084W	9	3276	572.0	0.1746	0.0	2416.0	0.3333	0.8	7.0	0.6667	14.5556	60.8889
YOL085C_mRNA	YOL085C	2	689	193.0	0.2801	476.2	496.0	0.0	0.0	0.0	1.0	0.0	12.0
YOL085W-A_mRNA	YOL085W-A	7	1453	185.0	0.1273	24.3	885.0	0.1429	0.0	2.0	0.5714	0.7143	100.5714
YOL086C_mRNA	YOL086C	21934	1655	698.0	0.4218	481.0	937.0	0.0	0.0	7.0	0.6072	2.7377	43.3948
YOL086W-A_mRNA	YOL086W-A	59	480	384.0	0.8	9.9	28.0	0.1525	51.0	56.0	0.0	2.1017	43.2542
YOL087C_mRNA	YOL087C	114	3901	449.5	0.1152	947.85	3239.0	0.0	0.0	168.0	0.2456	1.6842	48.6228
YOL088C_mRNA	YOL088C	93	1103	590.0	0.5349	21.0	475.0	0.0108	0.0	31.0	0.2043	1.6882	28.5806
YOL089C_mRNA	YOL089C	47	3334	465.0	0.1395	325.9	2780.0	0.0	5.9	38.0	0.1702	4.6383	49.3404
YOL090W_mRNA	YOL090W	167	3033	544.0	0.1794	12.6	2385.0	0.0359	1.0	8.0	0.5329	2.6886	45.0778
YOL091W_mRNA	YOL091W	21	2079	650.0	0.3127	1041.0	1424.0	0.0476	0.0	5.0	0.9048	17.6667	61.5714
YOL092W_mRNA	YOL092W	279	1146	566.0	0.4939	11.0	421.0	0.0466	131.0	144.0	0.0036	2.9713	52.9749
YOL093W_mRNA	YOL093W	114	1450	479.5	0.3307	448.0	935.0	0.0	0.0	2.0	0.7456	1.886	51.5614
YOL094C_mRNA	YOL094C	88	1244	470.5	0.3782	12.0	589.0	0.0455	171.35	180.0	0.0341	1.875	36.9659
YOL095C_mRNA	YOL095C	33	2396	486.0	0.2028	170.0	1806.0	0.0	4.6	17.0	0.0909	4.0	50.0909
YOL096C_mRNA	YOL096C	87	1151	498.0	0.4327	45.3	598.0	0.0	9.3	34.0	0.0575	1.5747	51.069
YOL097C_mRNA	YOL097C	522	1549	492.5	0.3179	21.0	924.5	0.0077	61.3	126.0	0.0038	2.7375	38.9885
YOL097W-A_mRNA	YOL097W-A	23	663	411.0	0.6199	204.0	245.0	0.0435	0.0	0.0	0.5652	15.8696	56.3478
YOL098C_mRNA	YOL098C	239	3471	625.0	0.1801	47.6	2795.0	0.0167	0.0	19.0	0.3808	2.2552	46.431
YOL099C_mRNA	YOL099C	173	1484	363.0	0.2446	182.0	638.0	0.0173	428.6	447.0	0.0	3.0231	42.7803
YOL100W_mRNA	YOL100W	57	3563	602.0	0.169	465.4	2760.0	0.0351	0.0	5.0	0.614	10.4912	48.3158
YOL101C_mRNA	YOL101C	162	1171	537.5	0.459	91.15	566.5	0.0123	0.0	11.0	0.4321	5.5247	48.0309
YOL102C_mRNA	YOL102C	130	829	780.0	0.9409	10.0	29.5	0.0692	5.45	14.0	0.3769	1.6308	44.6385
YOL103W-A_mRNA	YOL103W-A	7	1323	329.0	0.2487	0.0	0.0	1.0	809.4	994.0	0.0	36.1429	59.8571
YOL103W-B_mRNA	YOL103W-B	860	5268	813.5	0.1544	1260.45	4159.0	0.0267	0.0	7.0	0.5163	3.9279	226.3581
YOL103W_mRNA	YOL103W	263	2231	633.0	0.2837	52.0	1512.0	0.019	1.0	38.0	0.1369	3.2205	43.2053
YOL104C_mRNA	YOL104C	124	1891	184.0	0.0973	8.3	98.0	0.0645	0.0	1508.0	0.2339	2.1048	175.0484
YOL105C_mRNA	YOL105C	75	2119	404.0	0.1907	66.0	1664.0	0.0133	0.0	5.0	0.56	11.7333	68.3333
YOL106W_mRNA	YOL106W	2	388	204.5	0.5271	89.5	112.0	0.0	8.05	71.5	0.5	203.0	55.5
YOL107W_mRNA	YOL107W	64	1944	420.5	0.2163	455.05	1128.5	0.0	34.95	379.5	0.0312	1.7031	47.8906
YOL108C_mRNA	YOL108C	114	741	545.0	0.7355	36.0	179.0	0.0	2.0	15.5	0.3158	1.807	40.4649
YOL109W_mRNA	YOL109W	8348	616	512.0	0.8312	61.0	101.0	0.001	0.0	0.0	0.9527	1.6122	59.742
YOL110W_mRNA	YOL110W	40	1083	724.0	0.6685	14.8	186.5	0.025	161.5	180.0	0.025	2.2	43.925
YOL111C_mRNA	YOL111C	73	909	719.0	0.791	47.0	166.0	0.0	4.0	24.0	0.3836	1.3562	47.8356
YOL112W_mRNA	YOL112W	21	1750	486.0	0.2777	484.0	1250.0	0.0	0.0	3.0	0.7619	1.619	35.2381
YOL113W_mRNA	YOL113W	151	2351	499.0	0.2123	272.0	1835.0	0.0	1.0	1.0	0.8146	1.8146	44.3642
YOL114C_mRNA	YOL114C	15	1000	463.0	0.463	350.7	456.0	0.0	0.0	0.0	0.8667	1.3333	66.8667
YOL115W_mRNA	YOL115W	93	1950	343.0	0.1759	9.0	199.0	0.0968	8.8	756.0	0.0645	2.914	39.4624
YOL116W_mRNA	YOL116W	118	1965	485.5	0.2471	107.0	1384.5	0.0339	0.0	80.0	0.1441	25.1271	54.7119
YOL117W_mRNA	YOL117W	50	2087	678.0	0.3249	66.8	1046.5	0.0	0.45	14.0	0.44	2.04	67.38
YOL118C_mRNA	YOL118C	1	309	309.0	1.0	0.0	0.0	1.0	0.0	0.0	1.0	265.0	98.0
YOL119C_mRNA	YOL119C	226	1797	454.0	0.2526	134.75	1217.5	0.0	0.0	6.0	0.5752	3.3894	47.9292
YOL120C_mRNA	YOL120C	5251	952	647.0	0.6796	27.0	35.0	0.0019	209.0	267.0	0.0	3.3603	39.7682
YOL121C_mRNA	YOL121C	4033	708	503.0	0.7105	67.0	81.0	0.0	108.0	123.0	0.0015	3.1084	35.8207
YOL122C_mRNA	YOL122C	237	2068	382.0	0.1847	259.0	1641.0	0.0127	0.0	24.0	0.135	3.8312	44.9283
YOL123W_mRNA	YOL123W	951	2125	330.0	0.1553	6.0	30.0	0.123	4.0	1745.0	0.1924	2.5195	43.205
YOL124C_mRNA	YOL124C	184	1501	637.5	0.4247	28.3	828.5	0.0	0.0	56.0	0.3587	2.1848	48.2065
YOL125W_mRNA	YOL125W	75	2001	454.0	0.2269	356.5	1435.0	0.0	0.0	9.0	0.6933	1.2133	52.4533
YOL126C_mRNA	YOL126C	36	1552	742.0	0.4781	89.5	761.5	0.0	0.0	3.0	0.5833	2.0556	57.5833
YOL127W_mRNA	YOL127W	16443	691	508.0	0.7352	32.0	39.0	0.0028	115.0	133.0	0.0024	2.2629	44.6731
YOL128C_mRNA	YOL128C	55	1650	415.0	0.2515	252.6	1115.0	0.0	0.0	1.0	0.9091	2.4364	89.8364
YOL129W_mRNA	YOL129W	383	793	642.0	0.8096	39.0	66.0	0.0026	17.1	41.0	0.0209	2.6005	46.188
YOL130W_mRNA	YOL130W	183	3214	414.0	0.1288	275.5	2718.0	0.0055	0.0	11.0	0.4044	2.6721	49.8306
YOL132W_mRNA	YOL132W	7	1416	234.0	0.1653	1013.3	1179.0	0.0	0.6	3.0	0.8571	7.2857	113.0
YOL133W_mRNA	YOL133W	144	818	548.5	0.6705	57.45	239.5	0.0	1.3	74.0	0.1944	2.8194	47.9444
YOL135C_mRNA	YOL135C	37	886	625.0	0.7054	40.4	222.0	0.0	0.0	23.0	0.4324	2.1622	44.027
YOL136C_mRNA	YOL136C	223	1815	703.0	0.3873	60.0	989.0	0.0	1.0	15.0	0.1435	2.5336	50.0404
YOL137W_mRNA	YOL137W	87	1873	539.0	0.2878	1.3	1022.0	0.0805	47.0	94.0	0.0115	7.4943	52.069
YOL138C_mRNA	YOL138C	33	4026	457.0	0.1135	898.0	3209.0	0.0	0.0	3.0	0.8788	2.2121	84.3939
YOL139C_mRNA	YOL139C	3426	909	748.0	0.8229	54.0	107.0	0.0	6.0	27.0	0.1022	2.6386	47.3202
YOL140W_mRNA	YOL140W	165	2476	456.0	0.1842	1072.0	1997.0	0.0	0.0	6.0	0.7879	2.3273	64.7515
YOL141W_mRNA	YOL141W	4	2088	197.5	0.0946	15.2	90.0	0.25	250.45	1663.5	0.0	8.0	47.25
YOL142W_mRNA	YOL142W	170	995	506.0	0.5085	197.0	462.5	0.0	0.0	7.0	0.8176	4.2294	41.1
YOL143C_mRNA	YOL143C	377	830	606.0	0.7301	208.6	220.0	0.0	0.0	1.0	0.8806	1.1804	44.8382
YOL144W_mRNA	YOL144W	44	1576	392.0	0.2487	596.65	1140.5	0.0	0.0	12.0	0.4091	1.4545	39.3409
YOL145C_mRNA	YOL145C	58	3391	323.5	0.0954	837.05	3056.0	0.0517	0.0	3.0	0.7241	3.069	51.6552
YOL146W_mRNA	YOL146W	87	706	617.0	0.8739	15.0	26.0	0.0	15.0	44.0	0.023	2.6092	47.8966
YOL147C_mRNA	YOL147C	139	949	468.0	0.4932	22.0	407.0	0.0288	44.9	51.0	0.0	5.8849	43.741
YOL148C_mRNA	YOL148C	71	1960	650.0	0.3316	32.0	1211.0	0.0141	0.0	53.0	0.4225	1.7746	63.3944
YOL149W_mRNA	YOL149W	300	838	753.0	0.8986	1.0	25.0	0.2267	0.0	49.0	0.1667	3.9333	63.2467
YOL151W_mRNA	YOL151W	145	1197	647.0	0.5405	13.8	458.0	0.0138	76.0	78.0	0.0069	2.331	40.5034
YOL152W_mRNA	YOL152W	80	2900	335.5	0.1157	217.4	1207.0	0.025	1.0	19.0	0.45	10.1625	50.2
YOL153C_mRNA	YOL153C	28	1746	427.5	0.2448	108.15	1093.5	0.0714	0.0	0.0	0.8214	16.6786	153.2143
YOL154W_mRNA	YOL154W	24	1661	690.0	0.4154	221.8	784.0	0.0417	0.15	5.5	0.7917	6.2083	44.4583
YOL155C_mRNA	YOL155C	28	3617	685.0	0.1894	1028.9	2855.5	0.0	0.0	3.0	0.9286	5.9643	56.2143
YOL155W-A_mRNA	YOL155W-A	1	135	135.0	1.0	0.0	0.0	1.0	0.0	0.0	1.0	124.0	208.0
YOL156W_mRNA	YOL156W	12	1704	225.0	0.132	896.35	1479.0	0.0	0.0	0.0	1.0	1.25	154.25
YOL157C_mRNA	YOL157C	53	1960	583.0	0.2974	1119.0	1377.0	0.0	0.0	0.0	1.0	1.5849	75.3208
YOL158C_mRNA	YOL158C	69	2564	807.0	0.3147	239.2	1503.0	0.0	94.8	246.0	0.0	1.913	41.1014
YOL159C-A_mRNA	YOL159C-A	99	1006	327.0	0.325	0.0	105.0	0.2121	50.9	89.0	0.0505	12.4848	44.5152
YOL159C_mRNA	YOL159C	116	1312	563.5	0.4295	15.75	232.0	0.0172	365.75	496.0	0.0086	2.7845	37.5086
YOL160W_mRNA	YOL160W	4	342	340.0	0.9942	0.0	0.0	1.0	0.15	2.0	0.75	256.0	168.75
YOL162W_mRNA	YOL162W	16	648	333.5	0.5147	0.0	1.5	0.5625	0.0	290.5	0.375	85.875	77.0
YOL163W_mRNA	YOL163W	10	510	476.5	0.9343	0.0	8.0	0.6	0.0	1.5	0.8	141.5	312.2
YOL164W-A_mRNA	YOL164W-A	2	183	167.0	0.9126	1.6	16.0	0.5	0.0	0.0	1.0	5.5	439.5
YOL164W_mRNA	YOL164W	43	2311	607.0	0.2627	23.0	1692.0	0.0233	0.0	12.0	0.4884	1.4186	74.2326
YOL165C_mRNA	YOL165C	1	432	361.0	0.8356	39.0	39.0	0.0	32.0	32.0	0.0	2.0	7.0
YOL166C_mRNA	YOL166C	3	339	304.0	0.8968	0.0	0.0	1.0	28.7	35.0	0.0	144.3333	6.6667
YOR001W_mRNA	YOR001W	107	2382	735.0	0.3086	21.9	1618.0	0.0	10.2	63.0	0.0561	2.514	48.9252
YOR002W_mRNA	YOR002W	259	2106	550.0	0.2612	20.0	1251.0	0.027	10.0	327.0	0.0541	3.0927	46.0232
YOR003W_mRNA	YOR003W	106	1958	278.5	0.1422	630.25	1635.5	0.0094	0.5	30.0	0.1698	1.3962	44.8585
YOR004W_mRNA	YOR004W	219	1022	421.0	0.4119	0.0	531.0	0.1553	40.6	75.0	0.0046	2.9087	44.2283
YOR005C_mRNA	YOR005C	64	3157	466.5	0.1478	1491.2	2612.0	0.0	0.0	15.0	0.3281	1.2812	53.5625
YOR006C_mRNA	YOR006C	125	1205	518.0	0.4299	35.2	588.0	0.008	15.8	103.0	0.032	2.6	55.28
YOR007C_mRNA	YOR007C	922	1372	399.0	0.2908	73.0	832.0	0.0	2.0	115.5	0.115	1.8991	40.1703
YOR008C-A_mRNA	YOR008C-A	1	225	81.0	0.36	0.0	0.0	1.0	144.0	144.0	0.0	153.0	2.0
YOR008C_mRNA	YOR008C	259	1751	552.0	0.3152	92.0	1134.0	0.0	0.0	12.0	0.251	3.2896	39.8417
YOR009W_mRNA	YOR009W	19	2394	334.0	0.1395	801.2	2040.0	0.0	0.0	1.0	0.7895	17.5263	62.1579
YOR010C_mRNA	YOR010C	10	1258	973.5	0.7738	32.25	134.0	0.1	4.0	10.0	0.5	77.9	38.8
YOR011W_mRNA	YOR011W	46	4836	557.5	0.1153	1535.75	4129.0	0.0	1.0	24.0	0.3261	2.2609	48.5217
YOR012W_mRNA	YOR012W	22	806	460.5	0.5713	2.7	286.5	0.0909	1.0	2.5	0.8182	2.1818	37.9545
YOR013W_mRNA	YOR013W	17	806	508.0	0.6303	16.6	297.0	0.0	0.0	3.0	0.7059	1.5294	47.2353
YOR014W_mRNA	YOR014W	69	2839	658.0	0.2318	18.0	1904.0	0.0	0.4	11.0	0.4493	1.7246	70.6377
YOR015W_mRNA	YOR015W	115	2445	759.0	0.3104	368.5	1600.0	0.0261	1.0	23.0	0.4696	6.313	50.6174
YOR016C_mRNA	YOR016C	214	1486	734.0	0.4939	23.65	156.5	0.0374	573.0	580.0	0.0	2.4065	38.9159
YOR017W_mRNA	YOR017W	56	2614	408.5	0.1563	229.75	2099.5	0.0	1.0	16.0	0.3571	3.3393	51.5357
YOR018W_mRNA	YOR018W	158	2705	285.0	0.1054	27.0	2409.0	0.038	0.0	12.0	0.4367	3.2342	51.3544
YOR019W_mRNA	YOR019W	15	2511	536.0	0.2135	63.0	1898.0	0.0667	1.0	11.0	0.4667	1.2	58.5333
YOR020C_mRNA	YOR020C	4479	1263	440.0	0.3484	9.0	17.0	0.0636	794.0	800.0	0.0009	2.8408	38.7171
YOR020W-A_mRNA	YOR020W-A	350	772	457.0	0.592	11.9	306.5	0.0457	0.0	4.0	0.82	13.7914	53.4714
YOR021C_mRNA	YOR021C	1339	2156	786.0	0.3646	1317.0	1350.0	0.0007	0.0	5.0	0.593	3.5146	55.186
YOR022C_mRNA	YOR022C	27	2185	580.0	0.2654	317.1	1591.0	0.0	0.0	2.0	0.6296	2.1111	39.8519
YOR023C_mRNA	YOR023C	77	1930	416.0	0.2155	332.0	1509.0	0.0	0.0	9.0	0.8052	2.4935	42.2338
YOR025W_mRNA	YOR025W	40	1577	554.0	0.3513	68.5	1011.0	0.0	2.0	4.0	0.6	2.0	61.825
YOR026W_mRNA	YOR026W	41	1290	734.0	0.569	62.0	546.0	0.0	10.0	26.0	0.1463	2.0	50.9268
YOR027W_mRNA	YOR027W	1065	2788	695.0	0.2493	605.2	1751.0	0.0	244.6	299.0	0.016	2.8197	46.8
YOR028C_mRNA	YOR028C	55	1490	383.0	0.257	142.1	1044.0	0.0	0.0	0.0	0.7818	2.6727	51.7636
YOR029W_mRNA	YOR029W	15	1214	401.0	0.3303	559.3	805.0	0.0	0.0	4.0	0.8	1.4	359.0
YOR030W_mRNA	YOR030W	88	2815	514.5	0.1828	15.7	2051.5	0.0455	2.7	34.0	0.0909	4.7386	60.6705
YOR032C_mRNA	YOR032C	85	1580	506.0	0.3203	58.4	1025.0	0.0	0.0	0.0	0.9176	3.6706	72.7647
YOR032W-A_mRNA	YOR032W-A	10	1696	315.0	0.1857	166.0	819.5	0.0	2.45	130.5	0.2	6.4	57.2
YOR033C_mRNA	YOR033C	70	2415	495.5	0.2052	89.6	1857.0	0.0143	0.0	35.0	0.1571	9.1429	42.1714
YOR034C-A_mRNA	YOR034C-A	25	1555	415.0	0.2669	84.4	735.0	0.0	131.0	420.0	0.0	5.56	30.64
YOR034C_mRNA	YOR034C	108	2814	539.0	0.1915	329.8	2226.0	0.0093	0.0	6.0	0.6481	15.3981	53.3148
YOR035C_mRNA	YOR035C	34	3180	801.5	0.252	202.85	872.0	0.0	0.65	31.5	0.1765	2.5588	56.9412
YOR036W_mRNA	YOR036W	243	995	658.0	0.6613	54.0	316.0	0.0	0.0	1.0	0.8642	2.5514	51.6708
YOR037W_mRNA	YOR037W	88	1338	494.5	0.3696	59.35	733.0	0.0	1.05	64.0	0.0909	2.1364	41.7386
YOR038C_mRNA	YOR038C	68	2785	470.5	0.1689	12.0	739.5	0.0147	1.0	72.0	0.2353	3.6765	47.7059
YOR039W_mRNA	YOR039W	388	1266	777.0	0.6137	7.35	391.5	0.1082	20.1	75.0	0.0103	1.7809	43.9356
YOR040W_mRNA	YOR040W	28	1255	643.5	0.5127	2.75	528.0	0.1071	1.0	14.0	0.4643	8.1429	35.8929
YOR041C_mRNA	YOR041C	139	2119	218.0	0.1029	0.0	1885.0	0.1439	1.9	84.0	0.2158	10.2086	44.259
YOR042W_mRNA	YOR042W	46	1553	487.5	0.3139	181.5	935.5	0.0	1.0	88.0	0.2174	1.2609	31.6957
YOR043W_mRNA	YOR043W	215	2332	454.0	0.1947	319.0	1860.0	0.0	0.0	6.0	0.6884	2.507	43.9442
YOR044W_mRNA	YOR044W	146	992	592.0	0.5968	46.75	194.0	0.0137	0.0	15.0	0.4041	3.7534	45.1301
YOR045W_mRNA	YOR045W	1326	693	358.0	0.5166	6.0	34.0	0.1214	255.25	303.0	0.0	2.1026	43.5136
YOR046C_mRNA	YOR046C	433	1828	658.0	0.36	17.6	893.0	0.0393	263.0	280.0	0.0023	2.8268	41.5012
YOR047C_mRNA	YOR047C	133	2095	405.0	0.1933	455.6	1636.0	0.0075	0.0	4.0	0.6767	4.5338	41.1504
YOR048C_mRNA	YOR048C	229	3286	451.0	0.1372	1340.2	2675.0	0.0175	0.0	137.0	0.0917	3.1528	48.393
YOR049C_mRNA	YOR049C	23	1550	683.0	0.4406	87.3	692.0	0.0	4.1	26.0	0.087	2.2174	54.3478
YOR050C_mRNA	YOR050C	189	1996	480.0	0.2405	93.4	824.0	0.0212	619.0	689.0	0.0	3.672	43.7513
YOR051C_mRNA	YOR051C	322	1624	969.0	0.5967	164.0	544.0	0.0062	0.05	42.5	0.2671	2.8851	46.4472
YOR052C_mRNA	YOR052C	882	940	699.0	0.7436	94.0	181.0	0.0	0.05	16.0	0.449	2.398	48.2653
YOR054C_mRNA	YOR054C	2	2259	898.5	0.3977	347.35	710.5	0.0	389.0	650.0	0.0	1.5	54.0
YOR056C_mRNA	YOR056C	240	1558	526.5	0.3379	462.75	993.0	0.0	0.0	2.0	0.9083	1.3417	41.9375
YOR057W_mRNA	YOR057W	70	1348	405.5	0.3008	31.3	933.5	0.0143	0.0	3.0	0.8	1.8143	38.1286
YOR058C_mRNA	YOR058C	51	3055	496.0	0.1624	565.5	2484.0	0.0196	0.0	0.0	0.6471	2.2353	84.1765
YOR059C_mRNA	YOR059C	120	2329	515.5	0.2213	219.3	1765.5	0.0333	0.0	0.5	0.7667	2.5583	52.6
YOR060C_mRNA	YOR060C	17	1849	821.0	0.444	0.0	15.0	0.1765	63.4	896.0	0.0588	2.2353	48.8824
YOR061W_mRNA	YOR061W	390	1432	434.0	0.3031	19.15	952.5	0.0	20.0	36.5	0.0154	1.7846	42.659
YOR062C_mRNA	YOR062C	37	1561	572.0	0.3664	629.2	971.0	0.0	0.0	14.0	0.4595	2.027	32.1081
YOR063W_mRNA	YOR063W	11374	1865	503.0	0.2697	570.0	1347.0	0.0004	0.0	4.0	0.6463	2.0992	40.3905
YOR064C_mRNA	YOR064C	28	1190	523.0	0.4395	384.8	612.0	0.0	7.9	28.0	0.0714	1.4643	46.5
YOR065W_mRNA	YOR065W	368	1816	575.0	0.3166	45.05	1186.5	0.0163	0.0	1.0	0.6793	3.981	49.8505
YOR066W_mRNA	YOR066W	66	2273	350.0	0.154	687.25	1874.5	0.0152	0.25	75.0	0.1061	9.2273	41.9848
YOR067C_mRNA	YOR067C	199	1923	379.0	0.1971	75.0	1504.0	0.0101	0.0	5.0	0.6382	3.2814	46.9095
YOR069W_mRNA	YOR069W	151	2294	570.0	0.2485	69.5	1596.0	0.0265	27.5	78.0	0.0397	9.8079	50.6424
YOR070C_mRNA	YOR070C	50	2190	434.5	0.1984	623.3	1656.5	0.0	41.0	58.0	0.02	1.84	35.7
YOR071C_mRNA	YOR071C	117	2988	458.0	0.1533	102.0	2055.0	0.0256	0.0	517.0	0.2308	2.9316	43.188
YOR072W-A_mRNA	YOR072W-A	6	249	188.5	0.757	45.25	60.5	0.0	0.0	0.0	1.0	1.3333	232.0
YOR073W_mRNA	YOR073W	48	1968	450.5	0.2289	147.15	1429.5	0.0	0.35	8.5	0.5417	1.9583	56.3125
YOR074C_mRNA	YOR074C	75	1422	485.0	0.3411	348.4	867.0	0.0	0.0	13.0	0.48	2.04	65.9067
YOR075W_mRNA	YOR075W	179	1144	669.0	0.5848	25.0	454.0	0.0056	0.0	3.0	0.8045	3.9497	44.2961
YOR076C_mRNA	YOR076C	83	2364	540.0	0.2284	189.1	1809.0	0.012	0.1	12.0	0.494	2.1928	55.0241
YOR077W_mRNA	YOR077W	26	1552	431.0	0.2777	849.0	1108.0	0.0	0.0	2.0	0.8077	2.8077	42.4615
YOR078W_mRNA	YOR078W	120	1558	333.5	0.2141	835.65	1214.5	0.0083	0.0	3.0	0.65	3.5417	41.4
YOR079C_mRNA	YOR079C	219	1262	841.0	0.6664	221.9	391.0	0.0	0.0	0.0	0.8767	2.0457	89.6895
YOR080W_mRNA	YOR080W	154	2593	564.5	0.2177	11.3	1491.0	0.0519	207.0	243.0	0.0	4.0974	42.5649
YOR081C_mRNA	YOR081C	42	2424	868.5	0.3583	30.1	1468.0	0.0476	0.0	39.0	0.2381	5.2381	55.3095
YOR083W_mRNA	YOR083W	2	1819	648.5	0.3565	811.85	1161.5	0.0	7.2	9.0	0.5	0.5	46.5
YOR084W_mRNA	YOR084W	39	2154	884.0	0.4104	130.2	1245.0	0.0513	0.0	15.0	0.2821	6.8974	39.3846
YOR085W_mRNA	YOR085W	177	1274	563.0	0.4419	66.0	703.0	0.0	0.0	3.0	0.8814	3.0226	49.0508
YOR086C_mRNA	YOR086C	178	3858	677.5	0.1756	438.9	3139.5	0.0225	0.0	22.0	0.3596	1.7191	49.0
YOR087W_mRNA	YOR087W	53	2234	584.0	0.2614	32.2	1617.0	0.0189	1.0	17.0	0.3774	1.7547	44.1698
YOR089C_mRNA	YOR089C	209	1544	432.0	0.2798	146.6	759.0	0.0048	0.0	20.0	0.445	2.6555	62.2344
YOR090C_mRNA	YOR090C	65	2109	705.0	0.3343	197.2	1360.0	0.0	0.0	9.0	0.5231	2.5385	51.3538
YOR091W_mRNA	YOR091W	67	1562	609.0	0.3899	10.0	546.0	0.0896	0.0	399.0	0.0896	2.5075	43.2836
YOR092W_mRNA	YOR092W	109	2641	389.0	0.1473	243.0	1994.0	0.0	0.0	14.0	0.3303	3.0642	47.3945
YOR093C_mRNA	YOR093C	79	5178	513.0	0.0991	14.0	4294.0	0.038	3.0	54.0	0.1772	2.5063	43.2152
YOR094W_mRNA	YOR094W	165	1017	745.0	0.7325	5.0	69.0	0.1394	160.0	204.0	0.0	1.3273	39.6606
YOR095C_mRNA	YOR095C	587	1577	862.0	0.5466	21.0	147.0	0.0409	447.9	540.0	0.0	3.3407	48.0392
YNCO0025W_mRNA	YNCO0025W	22	157	150.0	0.9554	0.0	0.0	0.7727	0.0	6.0	0.7727	3.0909	239.3182
YOR096W_mRNA	YOR096W	11805	1441	658.0	0.4566	730.0	765.0	0.0003	3.0	7.0	0.674	2.0856	37.5627
YOR097C_mRNA	YOR097C	109	895	509.0	0.5687	39.0	224.0	0.0275	23.8	144.0	0.0092	1.1284	55.8257
YOR098C_mRNA	YOR098C	61	3442	488.0	0.1418	1034.0	2941.0	0.0	0.0	3.0	0.5738	1.8197	61.3115
YOR099W_mRNA	YOR099W	283	1481	869.0	0.5868	26.0	572.0	0.0	1.0	6.0	0.7173	1.9435	47.4629
YOR100C_mRNA	YOR100C	6	1391	675.0	0.4853	271.25	716.0	0.0	0.0	0.0	0.8333	2.6667	32.1667
YOR101W_mRNA	YOR101W	236	1328	474.0	0.3569	18.0	732.0	0.0169	26.75	106.0	0.0381	3.178	56.4153
YOR103C_mRNA	YOR103C	531	1088	492.0	0.4522	196.5	594.0	0.0	0.0	2.0	0.8023	2.194	45.9454
YOR104W_mRNA	YOR104W	75	1327	677.0	0.5102	0.0	511.0	0.0667	0.0	10.0	0.5067	9.76	47.24
YOR105W_mRNA	YOR105W	99	1521	447.0	0.2939	24.3	1001.0	0.0505	0.0	59.0	0.3838	5.9697	54.9091
YOR106W_mRNA	YOR106W	78	1055	400.0	0.3791	19.65	623.5	0.0385	0.85	2.0	0.8333	3.2949	55.2949
YOR107W_mRNA	YOR107W	40	1561	441.0	0.2825	22.9	913.0	0.0	0.0	23.0	0.275	2.85	44.9
YOR108W_mRNA	YOR108W	587	2113	475.0	0.2248	92.3	1553.0	0.0034	3.0	95.0	0.1295	2.5826	44.753
YOR109W_mRNA	YOR109W	172	3686	434.0	0.1177	51.1	3157.5	0.0233	2.0	47.0	0.1512	2.7674	47.9302
YOR110W_mRNA	YOR110W	51	1594	535.0	0.3356	59.0	982.0	0.0	9.0	73.0	0.0588	1.8235	37.451
YOR111W_mRNA	YOR111W	65	1141	905.0	0.7932	93.0	136.0	0.0	0.2	8.0	0.6308	2.2769	46.9538
YOR112W_mRNA	YOR112W	92	3255	486.5	0.1495	83.5	686.0	0.0217	0.0	2391.5	0.337	1.7391	44.7935
YOR113W_mRNA	YOR113W	16	3278	1022.5	0.3119	192.75	1905.5	0.0	0.0	4.0	0.6875	2.8125	31.6875
YOR114W_mRNA	YOR114W	59	1332	427.0	0.3206	87.9	887.0	0.0	0.0	13.0	0.1017	1.0169	43.8305
YOR115C_mRNA	YOR115C	378	1139	736.5	0.6466	25.0	213.5	0.0	154.0	174.0	0.0053	2.7434	38.9683
YOR116C_mRNA	YOR116C	313	4739	559.0	0.118	2580.6	4133.0	0.0	0.0	16.0	0.3482	3.9297	44.8307
YOR117W_mRNA	YOR117W	387	1593	607.0	0.381	11.6	886.0	0.0465	27.6	69.0	0.0	1.9561	47.8811
YOR118W_mRNA	YOR118W	85	2097	752.0	0.3586	18.2	1208.0	0.0118	21.6	75.0	0.0235	1.8706	51.1765
YOR119C_mRNA	YOR119C	42	2630	472.5	0.1797	154.25	1344.0	0.0	5.4	851.5	0.0714	2.2619	43.4048
YOR120W_mRNA	YOR120W	164	1756	837.0	0.4767	583.0	748.0	0.0122	3.0	79.0	0.1402	4.8841	47.128
YOR121C_mRNA	YOR121C	726	871	412.0	0.473	1.0	152.5	0.2163	244.0	305.0	0.0	15.686	39.9256
YOR122C_mRNA	YOR122C	2527	779	578.0	0.742	5.0	28.0	0.095	111.0	170.0	0.0	2.2861	50.9679
YOR123C_mRNA	YOR123C	10	1567	194.5	0.1241	152.2	1371.5	0.0	0.0	2.0	0.7	2.2	51.9
YOR124C_mRNA	YOR124C	160	4135	452.0	0.1093	2446.8	3649.0	0.0	0.0	4.0	0.7812	2.1125	44.275
YOR125C_mRNA	YOR125C	165	1010	695.0	0.6881	3.0	186.0	0.1394	70.0	108.0	0.0182	3.8848	43.6182
YOR126C_mRNA	YOR126C	59	1104	661.0	0.5987	235.8	443.0	0.0	0.0	1.0	0.6949	1.8644	43.4746
YOR127W_mRNA	YOR127W	123	3931	422.0	0.1074	1792.3	3484.0	0.0081	0.0	10.0	0.5041	1.9512	43.0244
YOR128C_mRNA	YOR128C	47	1829	789.0	0.4314	64.1	1022.0	0.0	0.0	18.0	0.2766	2.5745	39.7234
YOR129C_mRNA	YOR129C	25	2996	315.0	0.1051	230.2	2498.0	0.0	0.0	22.0	0.24	2.6	60.76
YOR130C_mRNA	YOR130C	335	1296	788.0	0.608	9.0	216.0	0.0597	204.0	254.0	0.003	2.2299	44.6239
YOR131C_mRNA	YOR131C	192	850	612.5	0.7206	19.0	187.5	0.0052	0.0	34.0	0.0781	3.2396	46.1094
YOR132W_mRNA	YOR132W	99	1850	533.0	0.2881	34.8	1271.0	0.0101	14.4	68.0	0.0505	1.8485	32.3434
YOR133W_mRNA	YOR133W	3392	2840	596.0	0.2099	74.0	2179.0	0.0038	42.0	53.0	0.0041	2.7989	49.3016
YOR134W_mRNA	YOR134W	35	1635	295.0	0.1804	0.0	1261.0	0.2286	0.0	8.0	0.5714	52.0857	59.0571
YOR136W_mRNA	YOR136W	346	1579	737.0	0.4668	60.0	641.0	0.0173	38.0	153.0	0.0058	3.0549	44.1532
YOR137C_mRNA	YOR137C	90	2351	560.5	0.2384	26.15	1623.0	0.0444	0.0	4.5	0.6222	12.7667	58.7667
YOR138C_mRNA	YOR138C	123	2169	490.0	0.2259	22.3	1667.0	0.0081	0.0	9.0	0.6911	2.1789	49.6423
YOR140W_mRNA	YOR140W	26	3126	532.0	0.1702	40.75	2197.5	0.0	6.5	29.5	0.0769	1.7692	46.3462
YOR141C_mRNA	YOR141C	103	2975	409.0	0.1375	882.9	2489.0	0.0	2.1	17.0	0.301	1.7379	47.1456
YOR142W-B_mRNA	YOR142W-B	1017	5268	713.0	0.1353	1225.6	4292.0	0.0098	0.0	0.0	0.7876	4.0796	291.5792
YOR142W_mRNA	YOR142W	352	1492	557.5	0.3737	11.65	806.5	0.0511	37.55	91.0	0.0057	2.6051	47.0114
YOR143C_mRNA	YOR143C	220	1409	941.5	0.6682	3.0	164.5	0.0636	121.0	343.0	0.0227	3.6864	48.2
YOR144C_mRNA	YOR144C	30	2588	391.0	0.1511	1310.55	2180.5	0.0	0.0	18.5	0.2667	2.4333	54.8667
YOR145C_mRNA	YOR145C	355	1046	476.0	0.4551	24.0	466.0	0.0056	39.0	105.0	0.0028	3.2592	44.6056
YOR147W_mRNA	YOR147W	138	2093	772.5	0.3691	21.0	1269.5	0.0145	10.85	17.0	0.0507	2.0	55.6957
YOR148C_mRNA	YOR148C	118	777	379.5	0.4884	31.0	288.5	0.0	87.0	96.0	0.0	2.0424	44.2203
YOR149C_mRNA	YOR149C	47	2348	395.0	0.1682	321.2	1758.0	0.0213	2.4	100.0	0.0851	3.9149	51.1702
YOR150W_mRNA	YOR150W	275	656	566.0	0.8628	31.0	62.0	0.0	4.0	9.0	0.76	1.6618	44.1055
YOR151C_mRNA	YOR151C	809	4312	518.0	0.1201	1857.4	3565.0	0.0	0.0	37.0	0.4524	2.1397	58.063
YOR152C_mRNA	YOR152C	76	1699	438.0	0.2578	123.75	618.5	0.0526	0.0	664.0	0.3421	10.4342	54.1579
YOR153W_mRNA	YOR153W	937	4797	507.0	0.1057	1985.6	4223.0	0.0096	0.0	2.0	0.8378	4.4941	46.587
YOR154W_mRNA	YOR154W	73	1969	515.0	0.2616	36.0	1442.0	0.0274	0.0	20.0	0.3562	1.9452	46.2329
YOR155C_mRNA	YOR155C	97	1564	793.0	0.507	106.8	753.0	0.0	0.0	2.0	0.6495	2.9691	54.4124
YOR156C_mRNA	YOR156C	20	2606	464.0	0.1781	1115.2	2139.0	0.0	0.0	2.5	0.7	4.5	70.05
YOR157C_mRNA	YOR157C	379	1083	574.0	0.53	25.0	348.0	0.0343	76.0	153.0	0.0	2.9551	42.7995
YOR158W_mRNA	YOR158W	103	1181	810.0	0.6859	56.1	274.0	0.0	9.1	99.0	0.068	1.6408	45.5243
YOR159C_mRNA	YOR159C	258	1099	483.0	0.4395	12.0	50.5	0.0426	480.1	519.0	0.0116	2.5775	38.9419
YOR160W_mRNA	YOR160W	123	3116	373.0	0.1197	953.0	2710.0	0.0	0.0	18.0	0.2846	2.2276	42.8537
YOR161C_mRNA	YOR161C	51	2068	490.0	0.2369	30.0	1447.0	0.0588	0.0	23.0	0.2941	7.3137	53.0588
YOR162C_mRNA	YOR162C	43	2760	393.0	0.1424	229.4	2038.0	0.0233	0.0	5.0	0.5581	2.6977	44.093
YOR163W_mRNA	YOR163W	111	978	639.0	0.6534	302.0	328.0	0.018	0.0	6.0	0.7027	1.3964	43.3964
YOR164C_mRNA	YOR164C	368	1259	989.0	0.7855	21.35	210.5	0.0082	9.0	63.0	0.0978	2.2908	43.5082
YOR165W_mRNA	YOR165W	220	2624	691.0	0.2633	11.0	1737.0	0.0455	74.65	104.5	0.0318	2.3182	50.9864
YOR166C_mRNA	YOR166C	59	1604	672.0	0.419	80.3	903.0	0.0	0.0	0.0	0.8644	2.5593	55.2203
YOR167C_mRNA	YOR167C	7281	462	331.0	0.7165	19.0	32.0	0.0235	93.0	98.0	0.0018	1.3254	39.1597
YOR168W_mRNA	YOR168W	756	2588	738.5	0.2854	37.0	1815.0	0.0026	0.0	17.0	0.3426	3.4074	43.8585
YOR169C_mRNA	YOR169C	51	898	312.0	0.3474	17.0	170.0	0.0392	374.0	425.0	0.0	3.6275	45.3137
YOR171C_mRNA	YOR171C	115	2164	625.0	0.2888	11.7	1503.0	0.0435	0.0	25.0	0.3478	2.1217	51.887
YOR172W_mRNA	YOR172W	81	2622	559.0	0.2132	81.0	1944.0	0.0	0.0	24.0	0.3086	2.0741	51.0494
YOR173W_mRNA	YOR173W	40	1696	449.0	0.2647	436.9	1157.0	0.0	3.8	42.0	0.125	1.25	35.4
YOR174W_mRNA	YOR174W	44	1273	393.5	0.3091	180.65	846.0	0.0	0.0	7.5	0.5682	1.7273	44.9091
YOR175C_mRNA	YOR175C	205	2493	511.0	0.205	59.2	1818.0	0.0488	0.0	0.0	0.8049	4.6293	50.478
YOR176W_mRNA	YOR176W	261	1466	498.0	0.3397	59.0	878.0	0.0153	41.0	50.0	0.0	4.3908	50.1801
YOR177C_mRNA	YOR177C	21	1610	427.0	0.2652	524.0	1111.0	0.0476	0.0	11.0	0.4286	7.4762	130.9048
YOR178C_mRNA	YOR178C	73	3417	272.0	0.0796	241.0	2943.0	0.0137	0.0	6.0	0.5068	6.0822	53.6712
YOR179C_mRNA	YOR179C	132	1090	569.5	0.5225	30.0	359.0	0.0152	1.0	202.0	0.1818	2.8106	42.5758
YOR180C_mRNA	YOR180C	21	1573	486.0	0.309	3.0	755.0	0.0952	0.0	7.0	0.5238	4.5714	46.4762
YOR181W_mRNA	YOR181W	101	2422	360.0	0.1486	0.0	1721.0	0.2079	15.0	50.0	0.0396	21.5842	43.8218
YOR182C_mRNA	YOR182C	15244	655	267.0	0.4076	364.0	379.0	0.0	0.0	11.0	0.4921	2.7797	40.9083
YOR183W_mRNA	YOR183W	1	390	372.0	0.9538	18.0	18.0	0.0	0.0	0.0	1.0	84.0	61.0
YOR184W_mRNA	YOR184W	460	1446	582.0	0.4025	24.0	816.0	0.0065	14.0	39.0	0.0196	2.337	47.5065
YOR185C_mRNA	YOR185C	55	913	597.0	0.6539	25.2	106.0	0.0364	37.0	110.0	0.0364	2.5455	59.9455
YOR186C-A_mRNA	YOR186C-A	2	685	393.5	0.5745	45.8	53.0	0.0	189.45	238.5	0.0	2.0	56.5
YOR186W_mRNA	YOR186W	12	1224	391.0	0.3194	74.7	215.0	0.0	4.65	653.0	0.25	11.0	65.9167
YOR187W_mRNA	YOR187W	687	1649	567.0	0.3438	44.0	971.0	0.0204	73.0	99.0	0.0218	2.0713	42.4294
YOR188W_mRNA	YOR188W	71	3789	406.0	0.1072	1795.5	3334.0	0.0	0.0	43.0	0.2958	3.2113	39.9014
YOR189W_mRNA	YOR189W	156	1241	473.0	0.3811	1.0	95.5	0.3013	631.0	664.0	0.0	4.4295	32.4359
YOR190W_mRNA	YOR190W	16	1967	369.5	0.1878	416.25	1489.0	0.0625	0.0	117.5	0.125	47.875	59.5625
YOR191W_mRNA	YOR191W	82	5353	493.0	0.0921	1827.5	4735.0	0.0	0.0	26.0	0.3293	1.7561	97.4146
YOR192C-A_mRNA	YOR192C-A	13	1317	295.0	0.224	302.8	757.0	0.0769	0.0	312.0	0.1538	7.3077	60.0769
YOR192C-B_mRNA	YOR192C-B	188	5313	1261.0	0.2373	583.75	3558.5	0.0266	0.0	6.0	0.5691	4.0266	211.1649
YOR192C-C_mRNA	YOR192C-C	38795	1759	518.0	0.2945	2.0	567.0	0.0604	640.0	661.0	0.0003	14.3501	50.5531
YOR192C_mRNA	YOR192C	45	3088	588.0	0.1904	1142.2	2408.0	0.0222	0.0	5.0	0.5333	13.4667	109.1111
YOR193W_mRNA	YOR193W	98	1313	757.0	0.5765	0.0	239.0	0.1633	0.0	224.5	0.3571	30.3673	48.7755
YOR194C_mRNA	YOR194C	104	1310	421.5	0.3218	46.0	698.0	0.0	26.5	286.5	0.0288	2.4327	38.5673
YOR195W_mRNA	YOR195W	125	2763	721.0	0.2609	424.4	2020.0	0.0	0.0	6.0	0.616	1.72	61.736
YOR196C_mRNA	YOR196C	194	1681	527.0	0.3135	17.0	911.0	0.0206	212.6	242.0	0.0052	1.5309	39.3763
YOR197W_mRNA	YOR197W	401	1505	527.0	0.3502	11.0	842.0	0.0175	21.0	115.0	0.01	2.1895	44.3591
YOR198C_mRNA	YOR198C	774	1873	533.5	0.2848	121.65	1308.5	0.0	0.0	9.0	0.5943	2.6331	40.2674
YOR199W_mRNA	YOR199W	2	330	298.0	0.903	2.65	26.5	0.5	0.55	5.5	0.5	70.5	57.5
YOR201C_mRNA	YOR201C	77	1427	804.0	0.5634	57.0	453.0	0.0	0.0	66.0	0.0779	1.1169	50.3247
YOR202W_mRNA	YOR202W	119	885	460.0	0.5198	22.7	322.0	0.0336	36.0	112.0	0.0	1.8319	42.6639
YOR203W_mRNA	YOR203W	10	476	171.0	0.3592	12.9	122.0	0.0	144.9	222.0	0.0	3.5	48.8
YOR204W_mRNA	YOR204W	1025	2615	312.0	0.1193	715.2	2242.0	0.0078	60.0	64.0	0.0068	3.1288	51.2859
YOR205C_mRNA	YOR205C	45	2262	443.0	0.1958	499.2	1812.0	0.0	0.0	1.0	0.7111	1.7333	54.8667
YOR206W_mRNA	YOR206W	333	2259	567.0	0.251	290.4	1649.0	0.0	0.0	6.0	0.7538	2.1622	49.7898
YOR207C_mRNA	YOR207C	298	3689	417.5	0.1132	966.1	3206.5	0.0067	0.0	18.0	0.4228	2.7181	50.3188
YOR208W_mRNA	YOR208W	218	2572	534.0	0.2076	160.15	2017.0	0.0	0.0	13.0	0.4541	2.1009	53.2294
YOR209C_mRNA	YOR209C	498	1658	613.5	0.37	13.0	918.5	0.0	0.0	85.0	0.1165	1.8474	51.0161
YOR210W_mRNA	YOR210W	1268	749	508.0	0.6782	177.0	210.0	0.0	2.0	21.0	0.2744	1.5497	36.4685
YOR211C_mRNA	YOR211C	116	2976	502.5	0.1689	526.0	2424.0	0.0	0.0	21.0	0.2759	1.4914	32.9483
YOR212W_mRNA	YOR212W	239	1642	422.0	0.257	70.7	1176.0	0.0126	0.0	22.0	0.3724	2.9623	50.6402
YOR213C_mRNA	YOR213C	110	1234	459.0	0.372	34.95	729.0	0.0	12.6	30.0	0.0545	2.3091	46.3091
YOR214C_mRNA	YOR214C	1	711	411.0	0.5781	295.0	295.0	0.0	5.0	5.0	1.0	0.0	101.0
YOR215C_mRNA	YOR215C	502	984	678.5	0.6895	1.0	40.0	0.2371	114.0	254.0	0.002	3.988	46.5259
YOR216C_mRNA	YOR216C	112	1673	441.0	0.2636	180.75	1160.0	0.0089	0.0	67.0	0.0982	4.1696	56.9107
YOR217W_mRNA	YOR217W	150	3088	414.5	0.1342	806.9	2484.0	0.0067	134.0	173.0	0.0067	1.8133	44.2533
YOR219C_mRNA	YOR219C	75	3085	601.0	0.1948	88.7	2301.0	0.0133	0.0	3.0	0.68	3.3467	101.8267
YOR220W_mRNA	YOR220W	213	1366	616.0	0.451	376.8	606.0	0.0047	1.0	8.0	0.77	3.1643	50.8873
YOR221C_mRNA	YOR221C	76	1409	932.0	0.6615	69.5	327.5	0.0	0.0	34.0	0.0921	4.6974	41.3158
YOR222W_mRNA	YOR222W	585	1497	465.0	0.3106	48.8	466.0	0.0034	1.0	620.0	0.1812	3.1094	49.4376
YOR223W_mRNA	YOR223W	17	1215	330.0	0.2716	142.2	757.0	0.0	59.8	127.0	0.0	2.2941	34.8824
YOR224C_mRNA	YOR224C	580	1550	504.5	0.3255	12.0	80.0	0.0207	930.0	955.0	0.0	2.731	38.7138
YOR226C_mRNA	YOR226C	148	933	544.0	0.5831	288.7	358.5	0.0135	0.0	6.0	0.5338	7.2297	45.6622
YOR227W_mRNA	YOR227W	102	4089	620.0	0.1516	797.1	3163.0	0.0294	0.0	16.5	0.3725	6.4804	51.6471
YOR228C_mRNA	YOR228C	54	1416	438.5	0.3097	64.0	869.5	0.0185	0.0	99.0	0.1667	4.037	43.963
YOR229W_mRNA	YOR229W	86	1764	372.0	0.2109	243.25	1357.5	0.0	3.0	66.0	0.2209	2.2093	42.2907
YOR230W_mRNA	YOR230W	535	1650	830.0	0.503	23.4	699.0	0.0075	0.0	24.0	0.3047	3.9065	50.6953
YOR231W_mRNA	YOR231W	149	1949	531.0	0.2724	214.6	1350.0	0.0	20.6	55.0	0.0336	1.698	43.4966
YOR232W_mRNA	YOR232W	1229	1119	706.0	0.6309	2.0	228.0	0.105	154.0	188.0	0.0	2.4101	38.4264
YOR233W_mRNA	YOR233W	36	2811	553.5	0.1969	453.5	2254.0	0.0	1.0	7.0	0.5556	2.1667	47.7222
YOR234C_mRNA	YOR234C	7064	767	408.0	0.5319	68.0	111.0	0.002	220.0	248.0	0.0001	3.0997	40.9415
YOR236W_mRNA	YOR236W	70	1119	546.5	0.4884	10.45	176.5	0.0571	395.25	405.0	0.0	4.7714	39.4571
YOR237W_mRNA	YOR237W	5	1305	641.0	0.4912	100.0	661.0	0.0	1.4	3.0	0.8	21.4	80.2
YOR238W_mRNA	YOR238W	85	1223	490.0	0.4007	26.6	173.0	0.0353	72.0	177.0	0.0235	2.2588	42.4824
YOR239W_mRNA	YOR239W	187	2178	469.0	0.2153	548.5	1685.0	0.0	10.0	24.0	0.0588	2.3262	48.1016
YOR241W_mRNA	YOR241W	346	1821	579.0	0.318	221.0	1180.0	0.0	0.0	4.0	0.5434	5.5434	75.6156
YOR242C_mRNA	YOR242C	8	1116	458.0	0.4104	30.45	635.0	0.125	1.05	4.5	0.625	64.125	119.0
YOR243C_mRNA	YOR243C	584	2427	551.5	0.2272	21.0	1650.0	0.0205	60.0	197.5	0.0017	4.1216	45.125
YOR244W_mRNA	YOR244W	95	1570	515.0	0.328	43.2	962.0	0.0316	0.0	74.0	0.1684	1.9579	44.6737
YOR245C_mRNA	YOR245C	143	1652	702.0	0.4249	63.1	896.0	0.007	5.0	50.0	0.1189	2.6923	46.0979
YOR246C_mRNA	YOR246C	189	1237	573.0	0.4632	28.8	566.0	0.0265	16.6	77.0	0.0476	2.328	40.0899
YOR247W_mRNA	YOR247W	393	1009	963.0	0.9544	8.6	34.0	0.056	0.0	5.0	0.7913	4.57	110.0534
YOR248W_mRNA	YOR248W	694	839	428.5	0.5107	5.0	396.0	0.085	0.0	14.0	0.4669	10.7133	67.085
YOR249C_mRNA	YOR249C	59	2164	757.0	0.3498	47.8	1310.0	0.0	0.0	10.0	0.5763	1.5424	55.8475
YOR250C_mRNA	YOR250C	50	1505	657.0	0.4365	25.2	809.0	0.0	9.5	58.5	0.06	1.62	39.56
YOR251C_mRNA	YOR251C	108	1234	647.0	0.5243	195.7	551.5	0.0	0.0	2.5	0.5926	3.8981	41.7778
YOR252W_mRNA	YOR252W	230	731	633.0	0.8659	10.0	31.0	0.0826	59.0	61.5	0.0	1.813	38.4043
YOR253W_mRNA	YOR253W	341	758	641.0	0.8456	11.0	33.0	0.0499	73.0	82.0	0.0	2.3842	47.1906
YOR254C_mRNA	YOR254C	350	2161	548.0	0.2536	31.9	1551.5	0.02	0.0	26.0	0.1571	3.1286	38.3029
YOR255W_mRNA	YOR255W	2	837	689.0	0.8232	21.1	148.0	0.5	0.0	0.0	1.0	1.0	151.0
YOR256C_mRNA	YOR256C	156	2673	769.0	0.2877	80.25	1845.0	0.0	0.0	5.0	0.5833	3.3333	45.0192
YOR257W_mRNA	YOR257W	196	760	533.5	0.702	190.0	207.0	0.0	0.0	7.0	0.6276	3.0867	45.2704
YOR258W_mRNA	YOR258W	80	1740	672.0	0.3862	12.9	70.0	0.0375	957.8	983.0	0.0	2.3125	47.25
YOR259C_mRNA	YOR259C	226	1592	863.5	0.5424	32.0	522.0	0.0	70.25	156.0	0.0	1.6549	41.8938
YOR260W_mRNA	YOR260W	157	2014	453.0	0.2249	38.4	1388.0	0.0	8.0	58.0	0.0701	3.8599	43.465
YOR261C_mRNA	YOR261C	1056	1345	1061.0	0.7888	1.0	112.0	0.1903	93.0	142.0	0.0161	4.1733	50.0597
YOR262W_mRNA	YOR262W	32	1223	339.0	0.2772	16.1	867.0	0.0	0.0	8.0	0.7188	1.2812	40.5938
YOR264W_mRNA	YOR264W	104	1673	447.0	0.2672	165.15	1114.5	0.0	0.0	104.5	0.1731	3.6635	57.2596
YOR265W_mRNA	YOR265W	339	643	395.0	0.6143	45.0	62.0	0.0	23.0	157.0	0.0236	2.9794	34.41
YOR266W_mRNA	YOR266W	50	1486	483.5	0.3254	135.15	998.5	0.0	0.0	9.5	0.52	2.02	61.96
YOR267C_mRNA	YOR267C	268	2870	460.0	0.1603	301.4	2317.5	0.0224	0.0	5.0	0.5634	4.7612	47.6567
YOR268C_mRNA	YOR268C	1	399	399.0	1.0	0.0	0.0	1.0	0.0	0.0	1.0	440.0	121.0
YOR269W_mRNA	YOR269W	49	1772	477.0	0.2692	202.6	1257.0	0.0	6.0	23.0	0.1633	3.3061	39.2857
YOR270C_mRNA	YOR270C	997	2863	500.0	0.1746	39.0	2295.0	0.005	7.0	33.0	0.0602	3.4734	47.5918
YOR271C_mRNA	YOR271C	445	1243	574.0	0.4618	72.0	599.0	0.0	5.2	67.0	0.0989	2.1573	44.3978
YOR272W_mRNA	YOR272W	260	1675	478.5	0.2857	25.0	1049.0	0.0192	115.35	151.0	0.0038	2.2346	38.2577
YOR273C_mRNA	YOR273C	176	2872	436.5	0.152	226.0	2346.5	0.0114	3.0	8.0	0.5511	1.9205	59.6591
YOR274W_mRNA	YOR274W	182	2504	448.0	0.1789	476.1	953.5	0.0055	6.0	217.0	0.0769	2.8681	49.7418
YOR275C_mRNA	YOR275C	64	2246	558.0	0.2484	27.9	1494.0	0.0312	99.3	108.5	0.0	1.8281	40.0312
YOR276W_mRNA	YOR276W	985	732	575.0	0.7855	43.0	85.0	0.0	56.0	65.0	0.0122	3.5797	44.4944
YOR278W_mRNA	YOR278W	109	1211	166.0	0.1371	0.0	16.0	0.4679	66.6	1020.0	0.0092	106.156	36.2202
YOR279C_mRNA	YOR279C	61	1182	503.0	0.4255	22.0	666.0	0.0164	0.0	37.0	0.3115	3.459	40.7541
YOR280C_mRNA	YOR280C	117	980	547.0	0.5582	25.8	372.0	0.0171	0.0	43.0	0.3162	2.0256	48.0513
YOR281C_mRNA	YOR281C	120	1045	621.5	0.5947	53.9	411.5	0.0	0.0	3.0	0.8667	1.35	49.775
YOR283W_mRNA	YOR283W	399	1034	547.0	0.529	76.9	458.0	0.0	0.0	30.0	0.188	2.5288	46.6015
YOR284W_mRNA	YOR284W	27	1153	622.0	0.5395	5.1	395.0	0.1111	88.0	95.0	0.0	2.2963	63.7778
YOR285W_mRNA	YOR285W	995	635	479.0	0.7543	10.0	25.0	0.0673	71.0	129.0	0.002	1.5407	43.7889
YOR286W_mRNA	YOR286W	321	735	522.0	0.7102	22.0	39.0	0.0156	6.0	174.0	0.0748	4.6947	40.9097
YOR287C_mRNA	YOR287C	25	1064	475.0	0.4464	86.0	579.0	0.0	0.0	10.0	0.52	4.16	33.96
YOR288C_mRNA	YOR288C	193	2036	455.0	0.2235	948.8	1564.0	0.0	0.0	5.0	0.7098	2.6995	41.4249
YOR289W_mRNA	YOR289W	99	867	777.0	0.8962	42.7	80.0	0.0	0.0	20.0	0.4444	1.5657	48.8485
YOR290C_mRNA	YOR290C	58	6017	657.5	0.1093	2998.65	5061.5	0.0	7.4	127.0	0.1724	1.8103	52.6034
YOR291W_mRNA	YOR291W	98	4679	463.0	0.099	214.0	4144.5	0.0	36.85	46.0	0.0102	2.2347	38.1633
YOR292C_mRNA	YOR292C	49	1063	470.0	0.4421	51.4	578.0	0.0204	0.0	13.0	0.2653	4.5306	42.7755
YOR293W_mRNA	YOR293W	16058	721	473.0	0.656	26.0	44.0	0.0064	188.85	200.0	0.0	2.8776	37.0151
YNCP0005C_mRNA	YNCP0005C	6	130	126.0	0.9692	0.0	0.0	0.8333	0.0	0.0	1.0	3.6667	264.6667
YOR293C-A_mRNA	YOR293C-A	1	339	326.0	0.9617	13.0	13.0	0.0	0.0	0.0	1.0	0.0	73.0
YOR294W_mRNA	YOR294W	62	865	364.5	0.4214	58.05	449.5	0.0	1.0	15.0	0.2581	0.8387	34.5484
YOR295W_mRNA	YOR295W	69	1019	632.0	0.6202	42.0	380.0	0.0	1.0	7.0	0.7971	3.2319	39.3478
YOR296W_mRNA	YOR296W	95	4713	367.0	0.0779	92.0	442.0	0.0105	4.0	4034.0	0.2421	7.2211	42.1579
YOR297C_mRNA	YOR297C	65	1107	603.0	0.5447	23.0	236.0	0.0154	85.8	345.0	0.0154	3.5077	50.6308
YOR298C-A_mRNA	YOR298C-A	4242	1187	573.0	0.4827	55.0	212.0	0.0002	388.0	397.0	0.0033	1.8595	44.8557
YOR298W_mRNA	YOR298W	11	1503	428.0	0.2848	0.0	486.0	0.1818	0.0	625.0	0.4545	14.8182	49.2727
YOR299W_mRNA	YOR299W	112	2454	603.5	0.2459	86.7	1782.5	0.0089	1.0	14.5	0.2946	3.1518	52.0
YOR300W_mRNA	YOR300W	73	1330	421.0	0.3165	165.2	705.0	0.0	162.0	174.0	0.0	1.7534	47.6712
YOR301W_mRNA	YOR301W	26	1772	556.5	0.3141	17.0	973.0	0.0769	14.75	146.0	0.0385	4.8462	66.2308
YOR302W_mRNA	YOR302W	21	1630	358.0	0.2196	285.0	983.0	0.0	156.0	275.0	0.0	1.6667	55.4286
YOR303W_mRNA	YOR303W	592	1954	426.0	0.218	421.0	1474.5	0.0017	2.0	8.0	0.6182	4.0693	46.3818
YOR304C-A_mRNA	YOR304C-A	105	931	399.0	0.4286	22.0	171.0	0.0286	45.4	314.0	0.0095	3.781	40.1619
YOR304W_mRNA	YOR304W	114	3589	543.5	0.1514	834.7	3033.0	0.0	0.0	8.0	0.7456	3.9912	51.193
YOR305W_mRNA	YOR305W	86	2547	656.5	0.2578	7.75	218.5	0.0698	1601.75	1663.0	0.0	2.9535	45.2209
YOR306C_mRNA	YOR306C	307	3289	659.0	0.2004	185.0	2221.0	0.0065	0.0	3.0	0.6124	3.6971	48.8111
YOR307C_mRNA	YOR307C	126	2344	572.5	0.2442	278.0	1548.5	0.0397	149.25	202.0	0.0159	15.1349	60.5556
YOR308C_mRNA	YOR308C	12	1964	815.0	0.415	255.2	1113.5	0.0833	0.0	11.0	0.5	0.4167	77.6667
YOR309C_mRNA	YOR309C	186	1786	370.5	0.2074	1246.0	1397.5	0.0108	0.0	13.0	0.2419	2.6022	36.4462
YOR310C_mRNA	YOR310C	109	1832	366.0	0.1998	33.6	1447.0	0.0	0.0	2.0	0.6972	2.0367	36.0642
YOR311C_mRNA	YOR311C	226	3066	446.0	0.1455	191.0	862.0	0.0	1709.0	1753.0	0.0	2.8053	48.1947
YOR312C_mRNA	YOR312C	15817	821	611.0	0.7442	144.0	154.0	0.0003	43.0	54.0	0.0006	3.3733	36.6289
YOR313C_mRNA	YOR313C	15	1823	491.0	0.2693	2.7	1233.0	0.1333	1.7	56.0	0.4667	26.0	34.5333
YOR315W_mRNA	YOR315W	90	1623	513.5	0.3164	176.75	1047.0	0.0111	14.0	21.0	0.0111	2.0222	53.6111
YOR316C-A_mRNA	YOR316C-A	6	1669	361.0	0.2163	553.0	1027.0	0.0	109.5	361.0	0.0	2.0	38.6667
YOR316C_mRNA	YOR316C	102	1672	514.5	0.3077	76.2	1045.0	0.0196	0.0	12.0	0.4804	6.9314	45.4314
YOR317W_mRNA	YOR317W	569	2462	635.0	0.2579	109.0	1790.0	0.0018	1.0	17.0	0.2425	1.9455	49.5835
YOR318C_mRNA	YOR318C	57	594	277.0	0.4663	124.0	310.0	0.0	0.0	0.0	0.6491	8.7895	48.7018
YOR319W_mRNA	YOR319W	61	1365	777.0	0.5692	378.0	536.0	0.0	26.0	42.0	0.0492	3.2295	67.4098
YOR320C_mRNA	YOR320C	235	1938	646.0	0.3333	243.7	1160.0	0.017	0.0	15.0	0.3234	9.4298	56.6511
YOR321W_mRNA	YOR321W	71	2480	496.0	0.2	39.5	1870.0	0.0141	69.0	115.0	0.0423	1.2676	56.0986
YOR322C_mRNA	YOR322C	79	2971	479.0	0.1612	650.5	2414.0	0.0	0.9	42.0	0.4051	2.4937	49.2025
YOR323C_mRNA	YOR323C	421	1882	566.0	0.3007	27.0	917.0	0.0095	344.0	391.0	0.0024	2.4252	45.6105
YOR324C_mRNA	YOR324C	58	2103	318.5	0.1515	387.55	1772.5	0.0172	0.0	1.5	0.7241	1.7069	66.8966
YOR326W_mRNA	YOR326W	325	5072	536.0	0.1057	2207.6	4452.0	0.0	0.0	9.0	0.5262	3.0892	52.9785
YOR327C_mRNA	YOR327C	355	713	471.0	0.6606	10.7	113.0	0.0507	66.1	122.0	0.0113	2.893	47.1859
YOR328W_mRNA	YOR328W	51	5034	421.0	0.0836	1199.0	4593.0	0.0	0.0	8.0	0.6667	1.9216	115.8039
YOR329C_mRNA	YOR329C	111	2829	409.0	0.1446	3.0	2398.0	0.0631	0.0	9.0	0.5856	4.9189	75.1712
YOR329W-A_mRNA	YOR329W-A	5	729	589.0	0.808	0.0	59.0	0.4	70.6	79.0	0.0	20.0	47.4
YOR330C_mRNA	YOR330C	50	3884	385.5	0.0993	1699.5	3469.5	0.0	2.45	6.0	0.7	2.9	42.94
YOR332W_mRNA	YOR332W	1002	853	529.5	0.6208	11.0	269.0	0.0339	50.0	56.0	0.0	2.6876	43.6936
YOR333C_mRNA	YOR333C	1	543	286.0	0.5267	257.0	257.0	0.0	0.0	0.0	1.0	0.0	146.0
YOR334W_mRNA	YOR334W	29	1568	683.0	0.4356	62.4	787.0	0.0	0.0	0.0	0.6897	1.3448	83.2759
YOR335C_mRNA	YOR335C	1427	3203	599.0	0.187	1254.2	2513.0	0.0021	0.0	71.0	0.1752	2.014	47.363
YOR336W_mRNA	YOR336W	65	4298	685.0	0.1594	13.6	3520.0	0.0462	0.0	43.0	0.2308	2.0462	46.8154
YOR337W_mRNA	YOR337W	59	2618	799.0	0.3052	75.2	1763.0	0.0	1.0	14.0	0.4237	2.3051	45.2373
YOR338W_mRNA	YOR338W	68	2217	303.5	0.1369	106.1	1291.0	0.0147	3.75	205.0	0.25	2.3382	35.6029
YOR339C_mRNA	YOR339C	39	1422	286.0	0.2011	5.9	246.0	0.0769	2.7	901.0	0.0769	4.4615	36.2051
YOR340C_mRNA	YOR340C	67	1317	642.0	0.4875	17.0	486.0	0.0448	78.0	140.0	0.0149	1.2985	41.1343
YOR341W_mRNA	YOR341W	1019	5403	662.0	0.1225	3673.6	4705.0	0.001	0.0	5.0	0.791	2.2296	48.8047
YOR342C_mRNA	YOR342C	214	1932	475.5	0.2461	669.0	1438.5	0.0047	0.0	6.0	0.6916	3.271	50.1262
YOR343C_mRNA	YOR343C	2	1657	125.5	0.0757	78.5	731.0	0.5	172.75	800.5	0.0	20.0	106.0
YOR343W-A_mRNA	YOR343W-A	10	1317	380.0	0.2885	203.85	615.0	0.1	99.95	344.0	0.0	1.0	51.7
YOR343W-B_mRNA	YOR343W-B	95	5313	1000.0	0.1882	639.0	3625.0	0.0211	0.0	597.0	0.4	4.1053	220.5474
YOR344C_mRNA	YOR344C	525	1507	515.0	0.3417	13.0	899.0	0.0438	0.0	1.0	0.6705	4.8229	117.3162
YOR346W_mRNA	YOR346W	76	3323	598.5	0.1801	47.0	2677.0	0.0395	1.0	14.0	0.2368	10.75	46.2368
YOR347C_mRNA	YOR347C	38	3010	454.0	0.1508	602.95	1336.0	0.0	841.4	1321.5	0.0	0.9211	33.4211
YOR348C_mRNA	YOR348C	33	2070	690.0	0.3333	5.0	1148.0	0.1212	0.0	9.0	0.5758	4.0303	34.697
YOR349W_mRNA	YOR349W	39	4067	348.0	0.0856	68.6	3085.0	0.0513	0.0	61.0	0.2821	1.8718	49.5641
YOR350C_mRNA	YOR350C	56	2088	629.5	0.3015	94.0	1445.0	0.0357	0.0	2.0	0.75	2.5536	46.2857
YOR351C_mRNA	YOR351C	1	1494	180.0	0.1205	1314.0	1314.0	0.0	0.0	0.0	1.0	0.0	101.0
YOR352W_mRNA	YOR352W	55	1215	536.0	0.4412	51.0	679.0	0.0	0.0	1.0	0.9273	1.4545	74.3273
YOR353C_mRNA	YOR353C	92	2557	554.0	0.2167	8.0	1949.0	0.0652	0.0	10.0	0.5109	3.9891	48.7283
YOR354C_mRNA	YOR354C	151	2250	495.0	0.22	90.0	1734.0	0.0	0.0	15.0	0.457	1.5563	45.2848
YOR355W_mRNA	YOR355W	295	2347	480.0	0.2045	106.5	1851.0	0.0068	0.0	9.0	0.5458	3.139	46.1966
YOR356W_mRNA	YOR356W	95	2110	622.0	0.2948	99.4	1479.0	0.0105	1.0	14.0	0.4632	1.7789	51.8632
YOR357C_mRNA	YOR357C	257	756	584.0	0.7725	4.6	33.0	0.0623	122.0	139.0	0.0	5.4397	37.3074
YOR358W_mRNA	YOR358W	38	1250	464.0	0.3712	328.05	751.5	0.0	12.55	36.0	0.0526	1.0789	40.7632
YOR359W_mRNA	YOR359W	76	2022	449.0	0.2221	55.0	1437.0	0.0	0.0	174.5	0.1184	1.9079	42.8026
YOR360C_mRNA	YOR360C	233	1954	527.0	0.2697	26.6	1384.0	0.0	0.0	13.0	0.3691	2.3433	56.8283
YOR361C_mRNA	YOR361C	1054	2491	563.0	0.226	196.0	1885.0	0.0028	0.0	21.0	0.2789	2.6157	49.5389
YOR362C_mRNA	YOR362C	395	1857	641.0	0.3452	810.0	1207.0	0.0025	0.0	1.0	0.7823	2.2633	59.2152
YOR363C_mRNA	YOR363C	45	3401	397.0	0.1167	814.0	2978.0	0.0222	0.0	17.0	0.3778	5.3333	39.4222
YOR366W_mRNA	YOR366W	7	2163	499.0	0.2307	263.3	1263.0	0.0	0.0	401.0	0.4286	4.5714	89.5714
YOR367W_mRNA	YOR367W	113	803	565.0	0.7036	0.0	142.0	0.2566	85.0	94.0	0.0	2.0531	32.9558
YOR368W_mRNA	YOR368W	32	1385	760.0	0.5487	0.0	77.0	0.0938	0.0	18.5	0.2812	29.5	51.7812
YOR369C_mRNA	YOR369C	24511	1097	548.0	0.4995	11.0	47.0	0.0268	475.0	500.0	0.0	2.5471	40.801
YOR370C_mRNA	YOR370C	179	3011	366.0	0.1216	745.5	2575.0	0.0056	0.0	63.0	0.2179	5.2458	39.1285
YOR371C_mRNA	YOR371C	2	2823	630.0	0.2232	48.85	488.5	0.5	1100.15	1704.5	0.0	38.0	35.0
YOR372C_mRNA	YOR372C	74	2102	595.5	0.2833	270.5	1491.0	0.0	0.0	6.0	0.7027	5.4324	47.1351
YOR373W_mRNA	YOR373W	26	2732	615.5	0.2253	46.5	2057.5	0.0	1.0	11.5	0.5	2.8846	59.8846
YOR374W_mRNA	YOR374W	120	1770	618.0	0.3492	30.0	1114.5	0.0083	0.0	19.5	0.325	1.6833	47.7417
YOR375C_mRNA	YOR375C	1882	1684	509.0	0.3023	132.0	1128.5	0.0005	2.0	44.0	0.1461	2.3002	37.9559
YOR376W-A_mRNA	YOR376W-A	38	1700	618.5	0.3638	2.0	287.0	0.1053	289.4	712.5	0.0	18.3684	51.6579
YOR377W_mRNA	YOR377W	146	2876	488.5	0.1699	384.0	2253.0	0.0068	0.0	109.0	0.1164	5.4178	45.9452
YOR378W_mRNA	YOR378W	9	1738	400.0	0.2301	652.6	1338.0	0.0	0.0	2.0	0.7778	0.6667	35.1111
YOR380W_mRNA	YOR380W	37	1937	516.0	0.2664	879.0	1369.0	0.0	0.0	14.0	0.3784	3.027	45.8378
YOR381W-A_mRNA	YOR381W-A	6	1360	689.0	0.5066	39.75	314.5	0.1667	346.5	351.0	0.0	5.8333	55.8333
YOR381W_mRNA	YOR381W	41	2914	564.0	0.1935	0.0	1847.0	0.0976	3.0	46.0	0.2683	20.0732	37.7805
YOR382W_mRNA	YOR382W	70	877	314.0	0.358	0.0	33.5	0.3143	1.0	543.0	0.2	4.7571	41.4
YOR383C_mRNA	YOR383C	73	1848	674.0	0.3647	273.6	1139.0	0.0411	0.0	44.0	0.4521	23.6575	60.3562
YOR384W_mRNA	YOR384W	1	2085	255.0	0.1223	326.0	326.0	0.0	1504.0	1504.0	0.0	2.0	78.0
YOR385W_mRNA	YOR385W	531	1448	530.0	0.366	35.0	535.0	0.0226	18.0	259.0	0.0452	5.258	42.5047
YOR386W_mRNA	YOR386W	78	1979	740.0	0.3739	53.0	1096.5	0.0	0.0	3.0	0.7051	1.5897	185.8077
YOR387C_mRNA	YOR387C	1	621	406.0	0.6538	215.0	215.0	0.0	0.0	0.0	1.0	0.0	132.0
YOR388C_mRNA	YOR388C	3	1385	809.0	0.5841	187.9	574.0	0.0	0.2	2.0	0.6667	0.3333	72.0
YOR389W_mRNA	YOR389W	39	3080	600.0	0.1948	1420.1	2421.0	0.0	1.0	12.0	0.4359	2.0	55.8718
YOR390W_mRNA	YOR390W	24	1471	569.5	0.3872	42.15	662.0	0.0	0.0	134.0	0.25	1.8333	54.75
YOR393W_mRNA	YOR393W	2	1798	452.5	0.2517	67.65	676.5	0.5	68.7	669.0	0.5	10.0	25.5
YOR394C-A_mRNA	YOR394C-A	27	1271	349.0	0.2746	0.0	34.0	0.4444	569.9	918.0	0.0	48.037	64.7407
YOR394W_mRNA	YOR394W	1	495	154.0	0.3111	338.0	338.0	0.0	3.0	3.0	1.0	2.0	143.0
YOR396W_mRNA	YOR396W	54	6121	405.0	0.0662	101.9	5231.5	0.0185	349.0	361.0	0.0	2.2593	44.463
YPL143W_mRNA	YPL143W	8840	764	445.0	0.5825	78.0	88.0	0.002	187.0	211.0	0.0006	3.0632	37.7268
YPL144W_mRNA	YPL144W	129	727	517.0	0.7111	165.6	196.0	0.0078	0.0	2.0	0.7442	1.6124	85.5504
YPL145C_mRNA	YPL145C	512	2318	584.5	0.2522	30.1	1451.5	0.0312	184.0	264.0	0.002	2.8613	48.1523
YPL146C_mRNA	YPL146C	402	1579	538.0	0.3407	45.0	1018.5	0.0	0.0	5.0	0.8035	1.4527	48.2537
YPL147W_mRNA	YPL147W	50	3165	567.5	0.1793	1176.95	2543.5	0.0	0.0	0.5	0.9	2.72	37.52
YPL148C_mRNA	YPL148C	49	1148	652.0	0.5679	11.4	91.0	0.0612	284.2	311.0	0.0	6.8163	59.2041
YPL149W_mRNA	YPL149W	317	1243	705.0	0.5672	232.8	462.0	0.0	7.6	74.0	0.0631	2.9085	40.9369
YPL150W_mRNA	YPL150W	120	2943	503.5	0.1711	537.95	2431.0	0.025	0.0	3.0	0.925	5.9083	48.2583
YPL151C_mRNA	YPL151C	158	1920	572.0	0.2979	460.0	1271.5	0.0063	0.0	3.0	0.6076	3.0253	53.8734
YPL152W-A_mRNA	YPL152W-A	12	985	534.5	0.5426	228.15	427.0	0.0	0.55	12.0	0.5	0.8333	21.3333
YPL152W_mRNA	YPL152W	44	1294	585.5	0.4525	7.0	69.5	0.1818	30.5	74.0	0.0227	1.5227	44.4091
YPL153C_mRNA	YPL153C	43	2841	459.0	0.1616	140.2	2355.0	0.0	0.2	9.0	0.7209	2.093	40.2093
YPL154C_mRNA	YPL154C	547	1717	721.0	0.4199	24.0	837.0	0.0055	90.0	125.0	0.0	2.2907	42.8007
YPL155C_mRNA	YPL155C	21	2580	1073.0	0.4159	219.0	1466.0	0.0476	0.0	4.0	0.6667	2.3333	46.0952
YPL156C_mRNA	YPL156C	112	2044	434.5	0.2126	201.75	785.0	0.0	167.65	281.5	0.0089	2.1518	40.7232
YPL157W_mRNA	YPL157W	54	1607	544.5	0.3388	158.15	828.0	0.0	0.0	17.0	0.3333	1.7778	46.3704
YPL158C_mRNA	YPL158C	32	2457	254.5	0.1036	62.75	2200.5	0.0	0.0	6.0	0.75	1.9688	43.2812
YPL159C_mRNA	YPL159C	58	1313	494.0	0.3762	156.85	787.5	0.0	0.0	19.0	0.2931	2.8621	47.7414
YPL160W_mRNA	YPL160W	1743	3618	557.0	0.154	693.1	2967.0	0.0017	24.0	90.0	0.043	3.3064	50.0367
YPL161C_mRNA	YPL161C	54	2046	440.5	0.2153	23.65	1552.0	0.0556	0.0	0.0	0.7222	0.7593	41.6111
YPL162C_mRNA	YPL162C	42	1615	755.0	0.4675	14.25	188.0	0.0476	148.0	183.0	0.0238	12.6667	51.1429
YPL163C_mRNA	YPL163C	656	2185	436.0	0.1995	1126.0	1683.0	0.003	0.0	45.0	0.3399	3.5854	50.5122
YPL164C_mRNA	YPL164C	14	2467	798.5	0.3237	380.55	1531.5	0.0	0.0	9.5	0.5	2.0	35.0
YPL165C_mRNA	YPL165C	10	1904	190.0	0.0998	165.7	396.5	0.0	7.7	1302.0	0.1	1.3	47.3
YPL166W_mRNA	YPL166W	19	1884	880.0	0.4671	9.1	69.0	0.1053	6.6	164.0	0.1053	3.4737	65.0526
YPL167C_mRNA	YPL167C	60	4650	558.5	0.1201	189.6	3565.5	0.0	1.0	114.5	0.4167	1.4667	40.2833
YPL168W_mRNA	YPL168W	113	1525	516.0	0.3384	13.0	947.0	0.0442	0.0	28.0	0.0796	3.2389	45.4071
YPL169C_mRNA	YPL169C	146	2055	427.0	0.2078	41.0	1594.0	0.0068	2.0	20.0	0.3904	3.3356	44.1301
YPL170W_mRNA	YPL170W	1027	779	589.0	0.7561	112.0	168.0	0.0	0.0	4.0	0.8637	2.6144	46.9659
YPL171C_mRNA	YPL171C	65	1748	329.0	0.1882	387.4	1394.0	0.0	21.0	29.0	0.0308	2.5692	44.7385
YPL172C_mRNA	YPL172C	94	1668	405.0	0.2428	47.65	1256.5	0.0106	0.0	3.0	0.7128	2.266	47.5851
YPL173W_mRNA	YPL173W	82	1124	545.5	0.4853	36.1	553.0	0.0	0.0	23.0	0.1707	1.7439	39.4756
YPL174C_mRNA	YPL174C	45	2806	631.0	0.2249	20.0	2028.0	0.0222	0.0	0.0	0.6222	7.0667	46.3556
YPL175W_mRNA	YPL175W	94	1868	502.0	0.2687	31.0	1003.0	0.0319	149.45	358.0	0.0426	10.0745	39.1277
YPL176C_mRNA	YPL176C	230	2683	597.5	0.2227	286.5	1969.5	0.0043	0.0	153.0	0.2565	4.3739	48.8304
YPL177C_mRNA	YPL177C	128	1232	758.5	0.6157	23.9	390.5	0.0391	2.7	15.0	0.375	3.2656	47.4453
YPL178W_mRNA	YPL178W	391	847	733.0	0.8654	0.0	46.0	0.1918	42.5	52.0	0.0051	3.0614	39.0128
YPL179W_mRNA	YPL179W	158	2126	664.0	0.3123	76.1	1374.5	0.0	6.0	36.5	0.1076	2.2722	45.6203
YPL180W_mRNA	YPL180W	62	2661	405.5	0.1524	17.2	2128.5	0.0161	0.0	9.0	0.5645	3.0484	54.7258
YPL181W_mRNA	YPL181W	115	1893	503.0	0.2657	370.1	1364.0	0.0	1.0	8.0	0.5739	1.6609	42.513
YPL183C_mRNA	YPL183C	113	3194	566.0	0.1772	85.8	2561.0	0.0	0.0	8.0	0.7345	1.4513	43.2566
YPL183W-A_mRNA	YPL183W-A	151	896	447.0	0.4989	37.0	407.0	0.0397	0.0	20.0	0.3179	10.0662	49.1192
YPL184C_mRNA	YPL184C	207	2933	497.0	0.1695	410.5	2131.0	0.0048	223.9	294.0	0.0145	3.2077	48.343
YPL185W_mRNA	YPL185W	2	772	428.0	0.5544	129.35	168.5	0.0	50.85	175.5	0.0	2.0	43.0
YPL186C_mRNA	YPL186C	33	1114	384.0	0.3447	142.2	720.0	0.0303	0.0	5.0	0.9394	1.7879	61.1515
YPL187W_mRNA	YPL187W	2666	846	648.0	0.766	79.0	102.0	0.0019	0.0	14.0	0.3031	2.6013	55.3485
YPL188W_mRNA	YPL188W	151	1562	418.0	0.2676	20.0	1103.0	0.0066	6.0	38.0	0.106	1.6821	42.3907
YPL189C-A_mRNA	YPL189C-A	335	583	507.0	0.8696	41.0	59.0	0.0119	0.0	13.0	0.1254	2.5612	44.6119
YPL189W_mRNA	YPL189W	23	2614	402.0	0.1538	153.7	1702.0	0.0	492.9	532.0	0.0	4.6087	31.7391
YPL190C_mRNA	YPL190C	118	3177	720.5	0.2268	551.0	2329.5	0.0	4.0	68.0	0.0763	2.2627	48.7119
YPL191C_mRNA	YPL191C	46	1698	1073.5	0.6322	1.75	382.0	0.087	0.0	33.0	0.2174	3.5435	48.6957
YPL192C_mRNA	YPL192C	26	1456	351.5	0.2414	85.75	580.0	0.0	449.25	504.0	0.0	1.7308	41.5385
YPL193W_mRNA	YPL193W	92	2634	605.5	0.2299	434.65	1642.5	0.0	2.75	500.5	0.0761	1.1304	54.0761
YPL194W_mRNA	YPL194W	9	2124	431.0	0.2029	34.8	1495.0	0.1111	8.0	20.0	0.2222	12.2222	33.7778
YPL195W_mRNA	YPL195W	159	3079	405.0	0.1315	1044.3	2572.0	0.0	0.0	21.0	0.3145	1.434	58.9308
YPL196W_mRNA	YPL196W	148	1082	408.5	0.3775	39.0	530.5	0.0135	2.4	126.0	0.0676	3.4189	37.7905
YPL198W_mRNA	YPL198W	979	1016	485.0	0.4774	17.0	368.0	0.0337	143.0	146.0	0.001	11.6885	39.9193
YPL199C_mRNA	YPL199C	132	1574	736.0	0.4676	0.0	33.5	0.25	733.55	777.5	0.0076	9.9091	43.803
YPL201C_mRNA	YPL201C	8	1454	325.0	0.2235	0.0	1089.5	0.25	0.0	2.5	0.875	144.25	46.5
YPL202C_mRNA	YPL202C	67	1769	574.0	0.3245	61.1	1195.0	0.0	0.0	5.0	0.7761	1.8806	67.9254
YPL203W_mRNA	YPL203W	111	1726	640.0	0.3708	46.0	940.0	0.0	45.5	143.0	0.018	3.0631	43.8559
YPL204W_mRNA	YPL204W	222	1862	637.5	0.3424	12.0	1051.0	0.036	19.0	59.0	0.0135	3.4685	49.6802
YPL205C_mRNA	YPL205C	5	345	217.0	0.629	98.8	128.0	0.0	0.0	0.0	1.0	8.2	228.8
YPL206C_mRNA	YPL206C	154	1348	728.5	0.5404	51.15	390.5	0.0065	17.0	210.5	0.013	3.3506	53.7078
YPL207W_mRNA	YPL207W	294	2604	595.0	0.2285	669.9	1981.5	0.0	0.0	1.0	0.7075	1.8163	46.2109
YPL208W_mRNA	YPL208W	95	1873	584.0	0.3118	34.0	1247.0	0.0	1.0	13.0	0.4632	1.4632	47.1579
YPL209C_mRNA	YPL209C	17	1766	394.0	0.2231	31.2	1232.0	0.0588	17.4	81.0	0.0	0.9412	43.8824
YPL210C_mRNA	YPL210C	485	2141	640.0	0.2989	8.2	1302.0	0.0598	47.0	110.0	0.0144	2.5052	42.5134
YPL211W_mRNA	YPL211W	1321	910	671.0	0.7374	0.0	18.0	0.2354	94.0	201.0	0.0008	3.0765	43.0265
YPL212C_mRNA	YPL212C	156	1871	498.5	0.2664	41.5	1351.5	0.0	1.0	27.0	0.2628	1.8141	38.8205
YPL213W_mRNA	YPL213W	57	902	352.0	0.3902	20.8	529.0	0.0351	0.0	18.0	0.2982	1.1404	37.3158
YPL214C_mRNA	YPL214C	79	1889	648.0	0.343	5.9	1070.0	0.0633	45.0	92.0	0.0253	1.6456	54.481
YPL215W_mRNA	YPL215W	114	1779	623.0	0.3502	229.35	1060.0	0.0175	1.0	9.0	0.5088	5.5614	44.9737
YPL216W_mRNA	YPL216W	35	3516	476.0	0.1354	80.9	2565.0	0.0286	0.7	41.0	0.2857	9.6286	40.9143
YPL217C_mRNA	YPL217C	88	4028	357.0	0.0886	7.15	3512.0	0.0568	2.0	34.0	0.125	12.2045	46.4545
YPL218W_mRNA	YPL218W	1139	887	629.0	0.7091	7.0	60.0	0.1308	123.9	184.0	0.0	3.7234	40.899
YPL219W_mRNA	YPL219W	19	1704	503.0	0.2952	364.5	1169.0	0.0	9.9	21.0	0.0526	1.0	53.4737
YPL220W_mRNA	YPL220W	8186	990	733.0	0.7404	38.0	53.0	0.0033	178.0	198.0	0.0001	2.2797	45.9482
YPL221W_mRNA	YPL221W	203	2804	498.0	0.1776	233.8	2231.0	0.0	1.0	19.0	0.4089	1.8966	44.4286
YPL222C-A_mRNA	YPL222C-A	5	463	326.0	0.7041	13.2	30.0	0.0	38.8	103.0	0.0	4.4	52.6
YPL222W_mRNA	YPL222W	20	2282	764.5	0.335	17.6	1335.0	0.05	1.0	9.0	0.6	1.4	61.35
YPL223C_mRNA	YPL223C	10	960	341.0	0.3552	177.8	606.0	0.0	0.0	0.0	0.6	3.1	48.9
YPL224C_mRNA	YPL224C	180	1893	566.5	0.2993	271.8	1249.0	0.0	0.0	15.5	0.4056	3.1722	46.45
YPL225W_mRNA	YPL225W	1723	676	559.0	0.8269	0.0	15.0	0.318	64.0	84.0	0.0006	2.5612	38.7847
YPL226W_mRNA	YPL226W	593	3888	463.0	0.1191	1746.4	3397.0	0.0017	11.0	15.0	0.0185	3.4081	42.5059
YPL227C_mRNA	YPL227C	200	1375	547.5	0.3982	134.45	774.0	0.0	0.0	36.0	0.395	2.575	45.905
YPL228W_mRNA	YPL228W	100	1999	456.0	0.2281	53.95	1438.5	0.03	4.0	72.0	0.11	2.12	52.48
YPL229W_mRNA	YPL229W	62	1109	478.0	0.431	184.25	546.0	0.0161	1.3	40.5	0.2097	3.2258	47.6613
YPL230W_mRNA	YPL230W	63	1432	470.0	0.3282	123.2	955.0	0.0	0.0	3.0	0.7937	2.3968	59.3333
YPL231W_mRNA	YPL231W	1343	5856	670.0	0.1144	2383.1	5112.0	0.0	6.0	17.0	0.0633	2.9159	49.2882
YPL232W_mRNA	YPL232W	119	1798	445.0	0.2475	220.3	1226.0	0.0084	0.0	5.0	0.8319	1.9496	53.958
YPL233W_mRNA	YPL233W	22	890	568.5	0.6388	0.0	168.5	0.1818	0.0	62.5	0.3636	53.9091	49.1364
YPL234C_mRNA	YPL234C	594	1005	616.0	0.6129	2.0	29.0	0.2744	303.0	332.0	0.0	2.5859	52.2946
YPL235W_mRNA	YPL235W	440	1772	719.0	0.4058	23.95	920.5	0.0227	5.0	182.0	0.0636	3.6955	50.2341
YPL236C_mRNA	YPL236C	62	2112	398.0	0.1884	113.65	1079.5	0.0161	471.4	631.0	0.0	2.9839	34.629
YPL237W_mRNA	YPL237W	1653	1127	788.0	0.6992	110.0	318.0	0.0006	3.0	12.0	0.1972	2.0024	38.0575
YPL239W_mRNA	YPL239W	608	1385	495.0	0.3574	268.35	824.5	0.0	0.0	34.0	0.4046	2.722	48.2385
YPL240C_mRNA	YPL240C	2075	2372	700.0	0.2951	82.0	1294.0	0.0	0.0	5.0	0.6096	2.2598	43.5489
YPL241C_mRNA	YPL241C	40	966	863.0	0.8934	14.0	35.0	0.0	35.45	74.0	0.0	18.525	37.725
YPL242C_mRNA	YPL242C	71	4749	578.0	0.1217	1254.0	4068.0	0.0	0.0	21.0	0.169	3.5493	56.2113
YPL243W_mRNA	YPL243W	492	2567	528.0	0.2057	22.1	1386.0	0.0305	578.65	608.0	0.0	2.8374	43.0244
YPL244C_mRNA	YPL244C	170	1396	598.5	0.4287	271.9	787.5	0.0059	0.0	3.0	0.7529	2.8176	70.7412
YPL245W_mRNA	YPL245W	128	1719	500.0	0.2909	239.35	1091.5	0.0	6.35	15.0	0.2031	1.7188	43.125
YPL246C_mRNA	YPL246C	222	1123	563.0	0.5013	9.0	381.5	0.0721	160.0	168.0	0.0045	4.9369	48.3784
YPL247C_mRNA	YPL247C	79	1772	736.0	0.4153	7.9	1023.0	0.0633	0.0	7.0	0.7215	3.4177	51.1013
YPL248C_mRNA	YPL248C	6	2985	857.5	0.2873	569.0	2123.0	0.0	3.25	25.0	0.5	0.3333	31.8333
YPL249C-A_mRNA	YPL249C-A	6062	653	443.0	0.6784	76.0	99.0	0.0018	88.0	100.0	0.0	1.8225	37.1986
YPL249C_mRNA	YPL249C	36	2812	507.5	0.1805	521.75	2280.0	0.0	0.0	24.0	0.25	2.4722	46.8333
YPL250C_mRNA	YPL250C	979	846	542.0	0.6407	9.0	63.0	0.0746	181.0	186.0	0.0072	2.7293	56.4831
YPL252C_mRNA	YPL252C	64	746	599.0	0.8029	52.0	100.0	0.0	2.0	30.0	0.1719	4.6562	36.25
YPL253C_mRNA	YPL253C	28	2133	517.5	0.2426	142.4	1573.5	0.0357	6.3	42.0	0.0714	1.0357	46.1429
YPL254W_mRNA	YPL254W	81	1791	514.0	0.287	44.0	1236.0	0.0	0.0	4.0	0.6543	2.6173	41.9383
YPL255W_mRNA	YPL255W	57	1523	460.0	0.302	440.2	1050.0	0.0	0.0	8.0	0.5789	1.386	42.8421
YPL256C_mRNA	YPL256C	195	2057	376.0	0.1828	370.4	1655.0	0.0051	7.0	20.0	0.0615	2.8564	49.4615
YPL257W-A_mRNA	YPL257W-A	1	1323	493.0	0.3726	74.0	74.0	0.0	756.0	756.0	0.0	151.0	132.0
YPL257W-B_mRNA	YPL257W-B	2032	5268	951.0	0.1805	1251.65	4210.0	0.0108	0.0	0.0	0.7923	3.4183	302.7618
YPL257W_mRNA	YPL257W	67	1672	492.0	0.2943	0.0	243.0	0.2687	5.0	426.0	0.1045	40.6269	61.1343
YPL258C_mRNA	YPL258C	34	2599	571.0	0.2197	0.65	357.0	0.2353	0.0	1748.0	0.3529	19.2059	60.8824
YPL259C_mRNA	YPL259C	100	1687	582.0	0.345	35.65	1033.0	0.02	0.0	3.0	0.8	3.29	47.41
YPL260W_mRNA	YPL260W	345	2119	617.0	0.2912	31.0	1290.0	0.0029	169.0	180.0	0.0029	3.487	51.8493
YPL261C_mRNA	YPL261C	2	309	204.0	0.6602	14.65	101.5	0.5	0.35	3.5	1.0	46.0	70.5
YPL262W_mRNA	YPL262W	307	1875	623.0	0.3323	168.0	1034.0	0.0228	180.9	198.0	0.0228	4.4463	48.873
YPL263C_mRNA	YPL263C	83	2134	369.0	0.1729	19.0	1685.0	0.0361	0.0	82.0	0.1807	2.4337	36.2892
YPL264C_mRNA	YPL264C	56	1377	617.5	0.4484	54.5	661.5	0.0	0.0	56.0	0.2143	3.8393	53.8214
YPL265W_mRNA	YPL265W	276	2273	496.0	0.2182	32.5	1732.0	0.0109	5.0	29.0	0.1884	3.8659	41.7754
YPL266W_mRNA	YPL266W	303	1291	549.0	0.4253	9.2	535.0	0.0528	182.1	190.0	0.0	2.4422	37.2508
YPL267W_mRNA	YPL267W	46	795	672.5	0.8459	0.0	37.5	0.087	73.0	80.5	0.0	3.413	36.087
YPL268W_mRNA	YPL268W	93	2819	595.0	0.2111	43.2	2149.0	0.0	19.8	117.0	0.0108	2.0323	43.9677
YPL269W_mRNA	YPL269W	31	2092	410.0	0.196	10.0	872.0	0.0645	2.0	102.0	0.2258	3.2903	47.0645
YPL270W_mRNA	YPL270W	106	2468	425.5	0.1724	51.5	2000.0	0.0189	3.0	12.0	0.4623	4.3396	38.0943
YPL271W_mRNA	YPL271W	1176	896	309.0	0.3449	571.0	583.0	0.0	0.0	0.0	0.9549	2.6514	60.2738
YPL272C_mRNA	YPL272C	14	2616	373.0	0.1426	271.25	1010.0	0.0	0.0	1311.5	0.4286	1.2143	39.2857
YPL273W_mRNA	YPL273W	1935	1289	926.0	0.7184	109.0	326.0	0.0016	0.0	8.0	0.5385	3.1556	48.8196
YPL274W_mRNA	YPL274W	361	2192	548.0	0.25	21.0	1295.0	0.0249	280.0	314.0	0.0	2.9612	44.6814
YPL277C_mRNA	YPL277C	17	2452	919.0	0.3748	392.6	1530.0	0.0	1.8	6.0	0.5294	1.1765	35.5294
YPL279C_mRNA	YPL279C	18	1423	436.5	0.3067	7.1	688.0	0.1667	0.0	119.0	0.2778	3.5	55.8889
YPL280W_mRNA	YPL280W	18	1230	318.0	0.2585	150.0	904.0	0.0	0.0	0.0	0.8889	0.9444	100.7222
YPL282C_mRNA	YPL282C	1	495	339.0	0.6848	156.0	156.0	0.0	0.0	0.0	1.0	0.0	135.0
YPL283C_mRNA	YPL283C	57	5859	474.0	0.0809	719.8	5088.0	0.0	207.8	213.0	0.0	2.4561	44.5965
YPL001W_mRNA	YPL001W	123	1238	706.0	0.5703	39.1	513.0	0.0081	0.0	9.0	0.5203	6.4797	47.748
YPL002C_mRNA	YPL002C	93	1134	550.0	0.485	46.0	520.0	0.0	0.0	66.0	0.3333	3.957	48.4839
YPL003W_mRNA	YPL003W	56	1502	511.5	0.3405	0.75	714.0	0.125	70.0	88.0	0.0179	4.0714	47.9643
YPL004C_mRNA	YPL004C	604	1405	462.5	0.3292	13.0	819.0	0.0281	35.0	140.0	0.005	3.9503	45.0298
YPL005W_mRNA	YPL005W	102	1959	528.5	0.2698	98.0	1286.5	0.0	0.0	6.5	0.6275	2.3824	44.7647
YPL006W_mRNA	YPL006W	118	3769	497.0	0.1319	682.35	3029.5	0.0085	5.0	159.5	0.0847	5.4746	47.7203
YPL007C_mRNA	YPL007C	55	1929	762.0	0.395	11.0	1084.0	0.0182	0.0	17.0	0.2364	1.4182	42.4364
YPL008W_mRNA	YPL008W	79	2899	567.0	0.1956	392.8	2090.0	0.0	0.0	6.0	0.7468	1.1013	54.443
YPL009C_mRNA	YPL009C	110	3353	429.5	0.1281	2088.2	2905.0	0.0091	0.0	8.0	0.5636	2.2091	49.5
YPL010W_mRNA	YPL010W	910	880	710.0	0.8068	32.0	80.0	0.0066	12.0	77.0	0.0385	2.2187	41.8253
YPL011C_mRNA	YPL011C	56	1372	501.5	0.3655	29.25	776.5	0.0179	13.75	129.0	0.0536	1.9643	51.2321
YPL012W_mRNA	YPL012W	205	3936	349.0	0.0887	1723.8	3559.0	0.0	0.0	18.0	0.2976	2.1073	39.5854
YPL013C_mRNA	YPL013C	252	746	510.5	0.6843	13.0	49.0	0.0476	119.55	170.0	0.0198	3.3532	39.5516
YPL014W_mRNA	YPL014W	72	1518	402.0	0.2648	79.4	1101.0	0.0	1.0	4.0	0.6667	2.5139	46.0694
YPL015C_mRNA	YPL015C	87	2008	668.0	0.3327	563.6	1333.0	0.0	0.0	2.0	0.7241	1.4023	38.3793
YPL016W_mRNA	YPL016W	66	4461	406.5	0.0911	14.0	2581.0	0.0303	1.25	513.0	0.3939	3.1667	58.7576
YPL017C_mRNA	YPL017C	6	2305	517.5	0.2245	1.5	167.0	0.3333	0.0	867.5	0.5	5.1667	46.5
YPL018W_mRNA	YPL018W	21	2284	554.0	0.2426	0.0	89.0	0.381	4.0	10.0	0.5238	25.0476	28.7619
YPL019C_mRNA	YPL019C	1407	2879	420.0	0.1459	373.0	2397.0	0.0007	39.0	45.0	0.0327	2.8756	43.5473
YPL020C_mRNA	YPL020C	176	2092	661.5	0.3162	272.75	1392.0	0.0	0.0	15.0	0.4602	3.142	50.2841
YPL022W_mRNA	YPL022W	106	3926	577.5	0.1471	1367.25	3003.5	0.0	291.0	326.0	0.0283	3.3208	55.566
YPL023C_mRNA	YPL023C	191	2291	603.0	0.2632	686.5	1624.0	0.0052	2.0	51.0	0.1466	2.1361	45.4607
YPL024W_mRNA	YPL024W	56	1255	511.5	0.4076	311.5	690.5	0.0	10.75	39.0	0.0536	3.0893	44.6071
YPL025C_mRNA	YPL025C	3	1010	315.0	0.3119	615.6	693.0	0.0	2.0	2.0	1.0	0.0	32.0
YPL026C_mRNA	YPL026C	128	1848	569.0	0.3079	28.35	1247.0	0.0	0.0	0.5	0.8359	4.5234	48.6562
YPL027W_mRNA	YPL027W	2	738	158.5	0.2148	574.55	579.5	0.0	0.0	0.0	1.0	0.0	151.5
YPL028W_mRNA	YPL028W	827	1450	677.0	0.4669	99.3	759.0	0.0012	2.0	6.0	0.8416	2.2177	48.9698
YPL029W_mRNA	YPL029W	59	2332	377.0	0.1617	47.4	1943.0	0.0	1.0	15.0	0.2034	1.9153	41.6271
YPL030W_mRNA	YPL030W	65	1872	490.0	0.2618	26.4	1337.0	0.0154	0.0	17.0	0.4	3.3538	40.6923
YPL031C_mRNA	YPL031C	103	1320	712.0	0.5394	11.3	259.0	0.0485	280.0	289.0	0.0	5.0971	41.3107
YPL032C_mRNA	YPL032C	219	3037	518.0	0.1706	142.2	2310.0	0.0046	0.0	218.0	0.1553	3.5616	56.032
YPL033C_mRNA	YPL033C	1	999	533.0	0.5335	397.0	397.0	0.0	69.0	69.0	0.0	0.0	55.0
YPL034W_mRNA	YPL034W	81	1051	548.0	0.5214	0.0	287.0	0.0617	0.0	60.0	0.1358	8.1605	49.1111
YPL036W_mRNA	YPL036W	19	3780	377.0	0.0997	977.0	3348.0	0.0	25.3	52.0	0.0526	3.0526	46.9474
YPL037C_mRNA	YPL037C	2322	1587	545.0	0.3434	947.0	988.0	0.0	3.0	54.0	0.1434	2.5172	45.9393
YPL038W-A_mRNA	YPL038W-A	81	1999	595.0	0.2976	38.0	1342.0	0.0	0.0	8.0	0.5309	2.0864	50.2222
YPL038W_mRNA	YPL038W	51	838	522.0	0.6229	170.5	315.0	0.0196	0.0	4.0	0.8824	1.5686	30.4314
YPL039W_mRNA	YPL039W	21	1144	525.0	0.4589	43.0	612.0	0.0	1.0	7.0	0.6667	0.6667	36.4286
YPL040C_mRNA	YPL040C	27	3099	717.0	0.2314	5.9	756.0	0.1481	0.0	686.0	0.3704	4.963	40.3333
YPL041C_mRNA	YPL041C	53	2215	589.0	0.2659	377.2	1437.0	0.0189	0.0	22.0	0.0943	1.9245	54.5849
YPL042C_mRNA	YPL042C	74	2601	520.0	0.1999	76.3	1482.5	0.0135	0.0	4.0	0.5946	2.8784	53.973
YPL043W_mRNA	YPL043W	163	2234	370.0	0.1656	700.7	1855.0	0.0	0.0	9.0	0.5092	2.1043	45.2454
YPL045W_mRNA	YPL045W	132	2741	695.0	0.2536	310.45	1884.5	0.0227	1.65	26.0	0.2652	2.4167	50.0152
YPL046C_mRNA	YPL046C	68	1225	473.5	0.3865	11.0	73.0	0.0441	569.65	639.0	0.0294	6.7206	49.2794
YPL047W_mRNA	YPL047W	38	944	524.5	0.5556	29.85	292.0	0.0	56.95	151.0	0.0	3.0526	52.3947
YPL048W_mRNA	YPL048W	780	1647	569.0	0.3455	85.0	919.0	0.0038	133.0	155.0	0.0038	3.9782	43.4038
YPL049C_mRNA	YPL049C	126	1843	545.0	0.2957	312.75	1268.0	0.0	0.0	2.0	0.6825	1.6349	49.5
YPL050C_mRNA	YPL050C	377	1570	553.0	0.3522	36.0	987.0	0.0053	0.0	7.0	0.6844	3.5915	38.6684
YPL051W_mRNA	YPL051W	51	815	491.0	0.6025	37.5	186.0	0.0196	0.0	6.0	0.5882	5.3922	36.2353
YPL052W_mRNA	YPL052W	322	1155	869.5	0.7528	13.05	64.0	0.0217	31.05	153.0	0.0217	2.0839	47.2236
YPL053C_mRNA	YPL053C	414	1555	688.5	0.4428	24.0	832.0	0.0	0.0	20.5	0.1884	2.0121	44.4227
YPL054W_mRNA	YPL054W	16	1344	297.0	0.221	36.0	718.0	0.0	0.0	1.5	0.6875	17.6875	88.0625
YPL055C_mRNA	YPL055C	20	1564	353.5	0.226	11.95	762.5	0.0	24.9	472.0	0.0	1.75	50.9
YPL056C_mRNA	YPL056C	12	1572	317.0	0.2017	235.1	582.5	0.0	74.4	708.0	0.0833	1.8333	44.75
YPL057C_mRNA	YPL057C	216	2542	679.5	0.2673	744.0	1751.5	0.0	0.0	7.5	0.6111	2.1343	49.1481
YPL058C_mRNA	YPL058C	106	5578	489.5	0.0878	1810.25	5040.5	0.0	2.0	15.0	0.3679	2.1698	56.3774
YPL059W_mRNA	YPL059W	427	779	607.0	0.7792	8.0	35.0	0.2014	93.0	125.0	0.0	2.904	42.9977
YPL060C-A_mRNA	YPL060C-A	23	5409	748.0	0.1383	335.9	4618.0	0.0	0.0	0.0	0.6522	1.3043	334.0
YPL060W_mRNA	YPL060W	96	1533	587.0	0.3829	10.75	934.0	0.0521	0.0	0.0	0.7812	2.9375	67.2083
YPL061W_mRNA	YPL061W	657	1769	641.0	0.3624	88.0	1063.0	0.0015	15.0	25.0	0.0244	3.3303	44.1431
YPL062W_mRNA	YPL062W	1	405	123.0	0.3037	282.0	282.0	0.0	0.0	0.0	1.0	4.0	268.0
YPL063W_mRNA	YPL063W	131	1775	631.0	0.3555	16.0	987.0	0.0	49.0	127.0	0.0305	1.8931	37.5725
YPL064C_mRNA	YPL064C	48	1074	589.5	0.5489	24.75	232.0	0.0	3.75	55.5	0.0833	2.3542	48.7292
YPL065W_mRNA	YPL065W	139	904	764.0	0.8451	0.0	56.0	0.0719	3.0	71.0	0.1942	1.8993	43.0576
YPL066W_mRNA	YPL066W	105	1796	478.0	0.2661	164.2	1196.0	0.0286	6.2	97.0	0.0571	3.1238	47.4476
YPL067C_mRNA	YPL067C	80	1190	599.0	0.5034	12.0	139.0	0.0	362.85	451.0	0.0	3.8625	50.2375
YPL068C_mRNA	YPL068C	13	1043	487.0	0.4669	30.0	540.0	0.0769	15.0	16.0	0.0	3.3077	37.2308
YPL069C_mRNA	YPL069C	45	1267	569.0	0.4491	28.2	611.0	0.0	26.0	46.0	0.0	1.2889	49.4444
YPL070W_mRNA	YPL070W	203	2267	706.0	0.3114	17.8	1486.0	0.0345	0.0	36.0	0.2315	2.6059	52.0246
YPL071C_mRNA	YPL071C	134	792	410.5	0.5183	16.35	256.0	0.0522	45.0	125.5	0.0373	7.6791	46.3433
YPL072W_mRNA	YPL072W	29	1748	489.0	0.2797	12.0	1188.0	0.0345	1.0	9.0	0.7931	3.069	60.1034
YPL074W_mRNA	YPL074W	83	2570	470.0	0.1829	758.2	2004.0	0.0	0.0	8.0	0.6747	2.4096	35.7349
YPL075W_mRNA	YPL075W	261	2659	443.0	0.1666	85.0	2109.0	0.0	1.0	8.0	0.5096	61.1418	42.9119
YPL076W_mRNA	YPL076W	66	1784	358.0	0.2007	22.25	700.0	0.0455	4.25	617.0	0.0758	8.3636	48.0606
YPL077C_mRNA	YPL077C	31	1208	360.0	0.298	39.5	757.0	0.0	62.0	81.0	0.0323	2.2258	32.4839
YPL078C_mRNA	YPL078C	1094	1097	820.5	0.7479	48.0	266.5	0.0018	0.0	2.0	0.6892	1.9159	45.341
YPL079W_mRNA	YPL079W	7768	850	600.0	0.7059	35.0	41.0	0.0036	200.35	206.0	0.0	2.8996	41.1674
YPL081W_mRNA	YPL081W	614	1306	503.5	0.3855	11.0	296.5	0.0358	472.0	496.0	0.0033	7.7362	37.5619
YPL082C_mRNA	YPL082C	121	5881	450.0	0.0765	1127.0	5354.0	0.0248	0.0	36.0	0.2066	1.719	44.8678
YPL083C_mRNA	YPL083C	89	2110	434.0	0.2057	192.4	1177.0	0.0	445.8	503.0	0.0	2.0	34.8876
YPL084W_mRNA	YPL084W	68	2732	764.0	0.2796	15.0	1649.0	0.0441	1.0	86.0	0.3971	2.75	43.6912
YPL085W_mRNA	YPL085W	87	6826	463.0	0.0678	4824.5	6287.0	0.0	0.0	11.0	0.4943	3.046	55.2529
YPL086C_mRNA	YPL086C	248	1869	506.0	0.2707	52.7	1356.5	0.0	0.0	4.0	0.7218	2.3871	43.2621
YPL087W_mRNA	YPL087W	397	1362	773.0	0.5675	140.0	559.0	0.0	1.0	6.0	0.6171	2.8539	51.8917
YPL088W_mRNA	YPL088W	274	1797	541.0	0.3011	278.6	685.0	0.0073	3.0	5.0	0.6204	1.792	46.2409
YPL089C_mRNA	YPL089C	292	2495	418.5	0.1677	389.55	2049.0	0.0103	0.0	19.0	0.4041	4.0274	52.1438
YPL090C_mRNA	YPL090C	7636	1079	806.0	0.747	53.0	75.0	0.008	132.0	155.0	0.0	1.8778	36.0191
YPL091W_mRNA	YPL091W	346	1760	624.5	0.3548	18.0	928.5	0.0173	156.25	165.5	0.0087	3.3208	46.4827
YPL092W_mRNA	YPL092W	127	1855	320.0	0.1725	4.3	1278.0	0.0709	0.0	249.0	0.2126	3.126	49.5591
YPL093W_mRNA	YPL093W	293	2279	476.0	0.2089	618.6	1783.0	0.0	0.0	2.0	0.7304	2.744	46.1126
YPL094C_mRNA	YPL094C	298	1286	540.5	0.4203	61.0	426.5	0.0	311.85	326.0	0.0134	2.3523	39.5235
YPL095C_mRNA	YPL095C	65	1803	579.0	0.3211	515.0	1154.0	0.0	53.2	67.0	0.0	3.5692	50.7846
YPL096C-A_mRNA	YPL096C-A	44	1138	336.0	0.2953	482.9	783.0	0.0	0.0	1.0	0.6591	0.6818	51.4318
YPL096W_mRNA	YPL096W	44	2775	765.0	0.2757	9.95	422.5	0.0682	311.35	1585.0	0.0227	3.4545	32.5
YPL097W_mRNA	YPL097W	43	1673	684.0	0.4088	68.6	751.0	0.0	1.0	6.0	0.5581	1.907	38.5581
YPL098C_mRNA	YPL098C	151	754	474.0	0.6286	229.0	278.0	0.0	0.0	0.0	0.9073	2.6026	91.1656
YPL099C_mRNA	YPL099C	169	943	519.0	0.5504	12.8	236.0	0.0296	96.0	201.0	0.0059	2.5503	38.9231
YPL100W_mRNA	YPL100W	55	1766	605.0	0.3426	63.7	944.0	0.0182	83.0	116.0	0.0	5.8182	54.9091
YPL101W_mRNA	YPL101W	89	1663	494.0	0.2971	21.0	1084.0	0.0	32.0	122.0	0.0112	1.2135	42.2921
YPL103C_mRNA	YPL103C	76	2063	426.5	0.2067	207.0	1237.0	0.0263	297.75	337.0	0.0	2.8947	41.2368
YPL104W_mRNA	YPL104W	30	2149	860.0	0.4002	28.6	1207.5	0.0333	0.0	7.0	0.6333	4.1	58.5667
YPL105C_mRNA	YPL105C	216	2721	361.5	0.1329	1188.75	2323.5	0.0	0.0	13.0	0.3565	1.8426	36.3472
YPL106C_mRNA	YPL106C	2535	2393	471.0	0.1968	62.0	1805.0	0.002	87.0	103.0	0.0087	2.0391	39.972
YPL107W_mRNA	YPL107W	79	1643	568.0	0.3457	23.0	959.0	0.0127	20.9	145.0	0.0253	2.4177	37.0886
YPL108W_mRNA	YPL108W	21	1939	543.0	0.28	486.0	625.0	0.0476	1.0	854.0	0.1429	9.7143	41.0
YPL109C_mRNA	YPL109C	42	2227	566.5	0.2544	696.5	1571.5	0.0238	0.0	73.0	0.2619	5.7143	50.4762
YPL110C_mRNA	YPL110C	117	4164	465.0	0.1117	262.8	3527.0	0.0	1.0	6.0	0.641	2.0769	42.7009
YPL111W_mRNA	YPL111W	145	1450	602.0	0.4152	303.0	832.0	0.0	0.0	4.0	0.8138	2.531	46.8069
YPL112C_mRNA	YPL112C	162	1345	373.0	0.2773	53.0	959.0	0.0	0.0	0.0	0.8519	1.8395	52.8086
YPL113C_mRNA	YPL113C	17	1322	426.0	0.3222	18.0	840.0	0.0	0.0	3.0	0.8235	1.4706	80.5294
YPL114W_mRNA	YPL114W	8	1540	905.0	0.5877	14.6	622.0	0.125	0.0	0.0	0.625	14.5	60.125
YPL115C_mRNA	YPL115C	72	3911	425.5	0.1088	702.1	3253.0	0.0	1.65	14.5	0.3194	1.7083	52.7222
YPL116W_mRNA	YPL116W	36	2400	563.5	0.2348	3.75	1792.0	0.0833	1.0	4.5	0.6944	3.0556	45.2778
YPL117C_mRNA	YPL117C	600	1255	713.0	0.5681	100.95	438.5	0.0	0.0	102.0	0.2933	2.5183	50.405
YPL118W_mRNA	YPL118W	240	1257	590.0	0.4694	7.0	608.0	0.1208	35.0	41.0	0.0125	3.1917	45.2
YPL119C-A_mRNA	YPL119C-A	8	1805	446.5	0.2474	998.25	1245.5	0.0	0.0	50.5	0.5	2.25	32.0
YPL119C_mRNA	YPL119C	4	2538	393.0	0.1548	2012.6	2142.5	0.0	0.75	5.0	0.75	2.0	53.75
YPL120W_mRNA	YPL120W	51	2032	492.0	0.2421	14.5	1321.0	0.0196	199.5	245.0	0.0	1.0784	50.9216
YPL121C_mRNA	YPL121C	1	669	107.0	0.1599	554.0	554.0	0.0	8.0	8.0	1.0	19.0	156.0
YPL122C_mRNA	YPL122C	80	1706	446.0	0.2614	38.2	1239.5	0.0	0.0	18.0	0.4625	2.1	43.375
YPL123C_mRNA	YPL123C	161	1547	716.0	0.4628	46.0	781.0	0.0124	0.0	16.0	0.3416	5.2795	44.6646
YPL124W_mRNA	YPL124W	28	936	376.0	0.4017	15.7	547.5	0.0357	0.0	23.5	0.3571	17.4643	57.1429
YPL125W_mRNA	YPL125W	221	3320	624.0	0.188	150.0	2617.0	0.009	1.0	7.0	0.7647	3.2353	44.6833
YPL126W_mRNA	YPL126W	316	2849	497.0	0.1744	229.0	2341.5	0.0	0.0	5.0	0.6835	2.538	52.5633
YPL127C_mRNA	YPL127C	147	1263	744.0	0.5891	9.0	265.0	0.102	117.0	312.0	0.0	2.5782	45.9592
YPL128C_mRNA	YPL128C	41	2057	511.0	0.2484	436.0	1544.0	0.0	0.0	1.0	0.8537	3.0732	57.6829
YPL129W_mRNA	YPL129W	181	1028	486.0	0.4728	8.0	420.0	0.0773	8.0	148.0	0.0552	5.1989	42.1492
YPL130W_mRNA	YPL130W	3	672	442.0	0.6577	23.0	230.0	0.3333	0.0	0.0	0.6667	126.3333	86.3333
YPL131W_mRNA	YPL131W	4796	1251	846.5	0.6767	45.0	186.0	0.0098	195.0	202.0	0.0002	2.1822	43.0598
YPL132W_mRNA	YPL132W	68	1208	561.5	0.4648	106.85	629.5	0.0147	0.0	5.0	0.7206	1.4412	62.8824
YPL133C_mRNA	YPL133C	16	1656	698.5	0.4218	61.5	709.5	0.0	6.25	96.0	0.125	21.875	27.75
YPL134C_mRNA	YPL134C	59	1796	527.0	0.2934	96.9	884.0	0.0339	0.0	4.0	0.6949	1.7797	43.5763
YPL135W_mRNA	YPL135W	357	1444	743.0	0.5145	473.8	592.0	0.0112	0.0	30.0	0.3137	2.3922	48.479
YPL136W_mRNA	YPL136W	6	503	328.5	0.6531	51.5	169.0	0.0	4.0	5.5	1.0	2.8333	28.1667
YPL137C_mRNA	YPL137C	109	4109	477.0	0.1161	1550.0	3603.0	0.0275	0.0	5.0	0.7982	3.1284	37.0459
YPL138C_mRNA	YPL138C	48	1478	527.0	0.3566	180.75	851.0	0.0	5.45	91.0	0.0833	1.3542	37.2292
YPL139C_mRNA	YPL139C	92	1576	441.5	0.2801	0.55	1090.5	0.0978	32.55	50.0	0.0109	2.9457	41.087
YPL140C_mRNA	YPL140C	76	1978	488.0	0.2467	15.0	1377.5	0.0132	25.0	42.0	0.0132	4.8158	41.3289
YPL141C_mRNA	YPL141C	48	3026	582.5	0.1925	408.4	2388.5	0.0	0.0	0.0	0.8125	3.9583	56.7917
YPR001W_mRNA	YPR001W	28	1717	416.5	0.2426	181.85	1296.0	0.0	0.0	8.0	0.5714	0.6429	66.3214
YPR002C-A_mRNA	YPR002C-A	107	1068	192.0	0.1798	6.0	761.0	0.0561	43.0	51.0	0.0187	26.2243	179.4299
YPR002W_mRNA	YPR002W	31	1864	324.0	0.1738	0.0	1400.0	0.0968	1.0	10.0	0.5161	12.9032	35.7742
YPR003C_mRNA	YPR003C	105	2521	552.0	0.219	5.2	1610.0	0.1143	0.0	42.0	0.3524	2.7524	58.1619
YPR004C_mRNA	YPR004C	315	1218	790.0	0.6486	1.0	320.0	0.0794	42.0	74.0	0.0222	2.8603	50.7778
YPR005C_mRNA	YPR005C	34	1668	681.5	0.4086	0.0	494.5	0.1176	0.0	78.5	0.4412	48.4706	55.0294
YPR006C_mRNA	YPR006C	152	2232	700.5	0.3138	1432.15	1503.0	0.0	0.0	16.0	0.4211	2.0197	59.9408
YPR007C_mRNA	YPR007C	12	2716	647.0	0.2382	984.9	2026.0	0.0	0.0	2.5	0.5833	2.0833	32.4167
YPR008W_mRNA	YPR008W	94	2601	778.0	0.2991	88.65	1450.5	0.0	1.0	15.0	0.3511	2.9043	48.5851
YPR009W_mRNA	YPR009W	126	1148	362.0	0.3153	119.5	192.0	0.0	0.0	17.0	0.2778	1.627	57.7063
YPR010C-A_mRNA	YPR010C-A	1027	1673	375.0	0.2241	1218.1	1284.0	0.0049	0.0	4.0	0.6339	6.9611	51.1831
YPR010C_mRNA	YPR010C	832	4032	491.5	0.1219	1052.85	3341.5	0.0012	179.0	196.0	0.0228	2.0925	41.9087
YPR011C_mRNA	YPR011C	51	1408	493.0	0.3501	1.5	692.0	0.098	54.5	187.0	0.0	2.4314	51.2353
YPR012W_mRNA	YPR012W	3	309	178.0	0.5761	11.7	27.0	0.3333	63.5	104.0	0.0	6.6667	54.3333
YPR013C_mRNA	YPR013C	51	1882	418.0	0.2221	574.5	1423.0	0.0	0.0	0.0	0.6275	3.2549	88.2353
YPR015C_mRNA	YPR015C	46	957	328.0	0.3427	80.5	627.5	0.0217	0.0	0.0	0.8913	2.4783	59.0
YPR016C_mRNA	YPR016C	273	1496	693.0	0.4632	7.0	284.0	0.0916	453.0	459.0	0.0	3.6703	47.5604
YPR017C_mRNA	YPR017C	101	944	547.0	0.5794	244.0	336.0	0.0	0.0	25.0	0.4158	2.4059	46.4455
YPR018W_mRNA	YPR018W	46	2341	451.5	0.1929	688.5	1414.5	0.0217	221.5	312.0	0.0	2.8043	29.0217
YPR019W_mRNA	YPR019W	75	3223	428.0	0.1328	1448.9	2779.0	0.0	0.0	1.0	0.7067	5.68	61.28
YPR020W_mRNA	YPR020W	1123	709	489.0	0.6897	92.0	99.0	0.0	98.0	117.0	0.0107	2.1754	45.9252
YPR021C_mRNA	YPR021C	68	3004	519.0	0.1728	2.05	2305.5	0.0882	0.35	13.5	0.4118	2.7941	44.7647
YPR022C_mRNA	YPR022C	133	3637	537.0	0.1476	1337.2	3002.0	0.0075	0.0	0.0	0.7143	2.7218	68.3308
YPR023C_mRNA	YPR023C	217	1673	521.0	0.3114	15.4	802.0	0.0415	218.0	354.0	0.0046	2.5023	45.9908
YPR024W_mRNA	YPR024W	213	2962	544.0	0.1837	623.4	2382.0	0.0	0.0	23.0	0.2394	6.2488	51.9859
YPR025C_mRNA	YPR025C	111	1859	485.0	0.2609	531.0	1328.0	0.009	0.0	7.0	0.5135	3.7928	36.2523
YPR026W_mRNA	YPR026W	29	3989	597.0	0.1497	617.2	3370.0	0.0	0.0	10.0	0.5517	2.4138	63.931
YPR027C_mRNA	YPR027C	2	834	183.0	0.2194	645.5	650.0	0.0	0.1	1.0	1.0	0.0	183.5
YPR028W_mRNA	YPR028W	2482	1409	683.0	0.4847	670.0	712.0	0.0004	0.0	9.0	0.6608	3.6781	47.2913
YPR029C_mRNA	YPR029C	167	2807	501.0	0.1785	34.0	2225.0	0.006	13.5	33.0	0.0479	8.1198	46.2515
YPR030W_mRNA	YPR030W	37	3481	285.0	0.0819	369.8	3179.0	0.027	0.0	13.0	0.3514	1.8378	52.6486
YPR031W_mRNA	YPR031W	20	2405	595.0	0.2474	232.9	1720.0	0.05	0.0	16.5	0.35	4.45	51.7
YPR032W_mRNA	YPR032W	30	3661	412.0	0.1125	550.65	3209.0	0.0	1.9	12.0	0.4667	3.0333	39.6667
YPR033C_mRNA	YPR033C	824	1809	499.0	0.2758	72.0	1262.5	0.0	0.0	47.0	0.2027	2.4369	50.8592
YPR034W_mRNA	YPR034W	67	1986	376.0	0.1893	266.6	1605.0	0.0	0.0	5.0	0.6567	2.4328	39.4478
YPR035W_mRNA	YPR035W	2060	1836	703.5	0.3832	396.0	1026.5	0.0044	0.0	27.0	0.1927	3.6917	46.6136
YPR036W-A_mRNA	YPR036W-A	2067	811	500.0	0.6165	278.0	297.0	0.0005	0.0	11.0	0.478	5.388	50.1214
YPR036W_mRNA	YPR036W	668	1745	611.0	0.3501	165.0	1104.5	0.0	1.0	6.0	0.741	2.0299	36.6707
YPR037C_mRNA	YPR037C	90	2035	506.5	0.2489	1318.8	1515.5	0.0	0.0	3.0	0.8222	6.4111	67.4222
YPR040W_mRNA	YPR040W	46	1234	353.0	0.2861	26.5	812.5	0.0	34.0	60.0	0.0	1.8043	40.9348
YPR041W_mRNA	YPR041W	814	1581	575.5	0.364	36.0	918.0	0.0111	58.0	87.0	0.0221	2.6057	42.2408
YPR042C_mRNA	YPR042C	12	4399	421.5	0.0958	709.75	2803.5	0.0	35.0	570.0	0.0833	0.8333	34.4167
YPR043W_mRNA	YPR043W	6775	4603	358.0	0.0778	4226.0	4239.0	0.0007	0.0	1.0	0.8158	2.0186	40.2639
YPR045C_mRNA	YPR045C	105	1585	568.0	0.3584	314.4	878.0	0.0	2.0	13.0	0.4952	12.7238	50.6857
YPR046W_mRNA	YPR046W	90	1043	593.5	0.569	374.8	423.5	0.0	5.45	18.0	0.1222	1.9444	36.4111
YPR047W_mRNA	YPR047W	80	1575	490.0	0.3111	64.5	1064.0	0.025	0.0	1.5	0.9125	3.7125	39.7
YPR048W_mRNA	YPR048W	138	2085	515.5	0.2472	241.95	1437.5	0.0072	108.65	119.0	0.0072	1.8261	37.8333
YPR049C_mRNA	YPR049C	32	3946	498.5	0.1263	628.35	3402.0	0.0	0.0	7.0	0.6562	2.0312	45.6875
YPR051W_mRNA	YPR051W	219	829	605.0	0.7298	3.8	31.0	0.137	123.0	159.0	0.0046	2.8082	38.758
YPR052C_mRNA	YPR052C	168	601	454.0	0.7554	35.35	72.0	0.0119	23.0	69.0	0.0179	2.5357	34.0298
YPR053C_mRNA	YPR053C	153	923	463.0	0.5016	395.8	444.0	0.0065	0.0	7.0	0.6078	1.5948	33.5294
YPR054W_mRNA	YPR054W	2	1908	693.5	0.3635	55.9	433.0	0.0	78.15	781.5	0.5	0.0	6.0
YPR055W_mRNA	YPR055W	121	3323	606.0	0.1824	151.0	2682.0	0.0331	0.0	11.0	0.4876	1.8017	47.1488
YPR056W_mRNA	YPR056W	161	2261	956.0	0.4228	20.0	175.0	0.0062	977.0	1055.0	0.0	5.3665	48.9255
YPR057W_mRNA	YPR057W	79	1564	431.0	0.2756	61.7	1080.0	0.0	0.0	3.0	0.7975	2.1899	37.6076
YPR058W_mRNA	YPR058W	227	1278	556.0	0.4351	28.0	535.0	0.0132	95.8	185.0	0.022	2.5771	45.9075
YPR060C_mRNA	YPR060C	328	1076	514.5	0.4782	29.0	480.5	0.0183	18.4	74.0	0.0244	4.5396	34.2927
YPR061C_mRNA	YPR061C	23	1117	417.0	0.3733	41.0	655.0	0.0435	0.0	14.0	0.4348	2.1739	48.7826
YPR062W_mRNA	YPR062W	841	750	561.0	0.748	9.0	47.0	0.0523	126.0	141.0	0.0024	1.8002	39.3698
YPR063C_mRNA	YPR063C	289	1047	623.0	0.595	332.0	356.0	0.0	30.0	54.0	0.0069	3.737	48.519
YPR064W_mRNA	YPR064W	1	1041	540.0	0.5187	331.0	331.0	0.0	170.0	170.0	0.0	0.0	79.0
YPR065W_mRNA	YPR065W	96	1606	591.0	0.368	106.0	947.0	0.0	0.0	41.0	0.1458	2.8333	46.3125
YPR066W_mRNA	YPR066W	6	1266	387.5	0.3061	20.5	366.5	0.0	269.75	460.5	0.0	2.1667	35.0
YPR067W_mRNA	YPR067W	75	1553	405.0	0.2608	406.6	1083.0	0.0	0.0	49.0	0.2267	2.1067	49.4133
YPR068C_mRNA	YPR068C	33	1644	571.0	0.3473	27.4	896.0	0.0606	1.0	70.0	0.2121	13.0909	39.1818
YPR069C_mRNA	YPR069C	1183	1207	649.0	0.5377	219.1	549.0	0.0008	0.0	0.0	0.798	3.1648	53.4336
YPR070W_mRNA	YPR070W	93	2310	617.0	0.2671	110.2	978.0	0.0215	0.0	6.0	0.5376	3.8172	51.5806
YPR071W_mRNA	YPR071W	49	1303	675.0	0.518	27.4	318.0	0.0	95.0	214.0	0.0204	3.102	41.4898
YPR072W_mRNA	YPR072W	154	1963	549.0	0.2797	22.0	1257.0	0.0065	70.6	91.0	0.0195	1.039	43.8247
YPR073C_mRNA	YPR073C	559	952	712.0	0.7479	0.0	36.0	0.3882	172.0	194.0	0.0018	6.3256	46.4973
YPR074C_mRNA	YPR074C	2239	2314	504.0	0.2178	77.0	1781.0	0.0031	2.0	20.0	0.2354	2.552	41.2095
YPR075C_mRNA	YPR075C	34	1244	480.5	0.3863	6.65	437.0	0.2059	0.0	3.0	0.7647	15.8235	42.8235
YPR077C_mRNA	YPR077C	25	372	154.0	0.414	51.8	218.0	0.04	0.0	0.0	1.0	2.12	152.72
YPR078C_mRNA	YPR078C	1	1119	458.0	0.4093	661.0	661.0	0.0	0.0	0.0	1.0	0.0	99.0
YPR079W_mRNA	YPR079W	54	1348	432.0	0.3205	42.95	911.0	0.0	0.65	4.0	0.8148	2.537	38.4444
YPR080W_mRNA	YPR080W	14224	1638	586.0	0.3578	114.0	1039.0	0.0001	0.0	1.0	0.8068	2.7214	47.5531
YPR081C_mRNA	YPR081C	44	2094	504.0	0.2407	593.45	1541.5	0.0	0.0	13.0	0.3636	1.7727	43.5
YPR082C_mRNA	YPR082C	125	652	503.0	0.7715	36.0	77.0	0.0	0.0	67.0	0.176	1.832	43.104
YPR083W_mRNA	YPR083W	61	1910	495.0	0.2592	37.0	1352.0	0.0492	0.0	1.0	0.6066	6.2951	60.1639
YPR084W_mRNA	YPR084W	65	1654	494.0	0.2987	40.2	1131.0	0.0308	0.0	5.0	0.6615	16.7077	38.3846
YPR085C_mRNA	YPR085C	81	1645	476.0	0.2894	35.0	952.0	0.0	84.0	97.0	0.0123	1.7778	43.8765
YPR086W_mRNA	YPR086W	296	1407	716.0	0.5089	47.0	593.5	0.0	10.0	24.0	0.1892	2.2804	42.7534
YPR087W_mRNA	YPR087W	1	377	119.0	0.3156	14.0	14.0	0.0	244.0	244.0	0.0	1.0	78.0
YPR088C_mRNA	YPR088C	205	1801	625.0	0.347	9.0	1087.0	0.0585	9.0	43.0	0.122	2.8244	44.8683
YPR089W_mRNA	YPR089W	71	2847	416.0	0.1461	823.5	2400.0	0.0	0.0	24.0	0.4648	1.5352	47.5775
YPR091C_mRNA	YPR091C	75	2779	352.0	0.1267	246.0	2270.0	0.0	0.0	211.0	0.1467	3.28	38.68
YPR092W_mRNA	YPR092W	1	625	514.0	0.8224	13.0	13.0	0.0	98.0	98.0	0.0	0.0	5.0
YPR093C_mRNA	YPR093C	192	1882	139.0	0.0739	241.95	1261.0	0.0052	27.1	481.0	0.0312	3.0521	34.6042
YPR094W_mRNA	YPR094W	312	749	389.0	0.5194	317.0	354.0	0.0032	0.0	4.0	0.7885	1.9263	48.1026
YPR095C_mRNA	YPR095C	20	4021	522.0	0.1298	1017.5	2798.0	0.0	0.95	542.5	0.4	1.7	43.3
YPR097W_mRNA	YPR097W	152	3622	464.5	0.1282	1414.0	3038.5	0.0066	0.0	38.0	0.1118	1.7434	49.0921
YPR098C_mRNA	YPR098C	218	975	518.5	0.5318	10.55	43.0	0.0505	231.65	407.0	0.0	7.867	46.3165
YPR099C_mRNA	YPR099C	5	886	507.0	0.5722	3.0	310.0	0.2	0.0	3.0	0.6	11.8	104.2
YPR100W_mRNA	YPR100W	238	590	468.0	0.7932	9.0	78.0	0.0714	21.0	42.0	0.0294	2.4076	34.3025
YPR101W_mRNA	YPR101W	173	823	686.0	0.8335	57.2	91.0	0.0116	1.0	2.0	0.6474	1.8786	38.6185
YPR102C_mRNA	YPR102C	11164	897	621.0	0.6923	254.0	269.0	0.0	0.0	4.0	0.8574	2.096	41.0609
YPR103W_mRNA	YPR103W	903	1262	878.0	0.6957	19.0	140.0	0.0332	103.1	248.0	0.0011	3.1495	43.278
YPR104C_mRNA	YPR104C	44	3479	528.0	0.1518	1032.8	2941.5	0.0	0.0	19.0	0.4318	1.1364	46.5455
YPR105C_mRNA	YPR105C	144	2880	594.5	0.2064	1054.1	2273.0	0.0069	0.0	1.0	0.8889	3.0486	44.4444
YPR106W_mRNA	YPR106W	35	1513	590.0	0.39	8.2	785.0	0.0857	52.8	76.0	0.0	2.7714	48.5714
YPR107C_mRNA	YPR107C	136	946	462.0	0.4884	29.0	420.5	0.0074	4.0	70.0	0.0735	1.9265	37.9926
YPR108W-A_mRNA	YPR108W-A	10	213	87.5	0.4108	108.0	111.5	0.0	0.0	13.0	0.5	0.6	64.4
YPR108W_mRNA	YPR108W	830	1673	886.0	0.5296	12.0	613.0	0.0482	51.0	119.0	0.0024	2.7398	45.359
YPR109W_mRNA	YPR109W	201	1230	600.0	0.4878	68.0	538.0	0.0	2.0	29.0	0.3284	3.5174	50.8806
YPR110C_mRNA	YPR110C	769	1336	461.0	0.3451	35.0	771.0	0.0	48.0	78.0	0.0234	1.9532	36.1704
YPR111W_mRNA	YPR111W	72	2165	565.5	0.2612	425.4	1498.0	0.0	0.0	10.0	0.5139	4.6389	48.375
YPR112C_mRNA	YPR112C	69	2837	457.0	0.1611	633.8	2379.0	0.0	0.0	11.0	0.3478	2.3188	38.5072
YPR113W_mRNA	YPR113W	732	907	763.0	0.8412	7.0	25.0	0.1079	34.0	112.0	0.0041	3.1025	39.9877
YPR114W_mRNA	YPR114W	355	1544	397.0	0.2571	57.8	1055.0	0.0169	0.0	1.0	0.7606	8.9606	55.3014
YPR115W_mRNA	YPR115W	131	3732	454.0	0.1217	682.0	3235.0	0.0	1.0	8.0	0.6412	1.8626	38.3893
YPR116W_mRNA	YPR116W	19	2387	997.0	0.4177	0.0	881.0	0.1053	4.9	607.0	0.3158	4.0526	52.5263
YPR117W_mRNA	YPR117W	119	8260	482.0	0.0584	488.0	7504.0	0.0	1.0	6.0	0.5798	2.5714	46.7647
YPR118W_mRNA	YPR118W	646	1414	699.5	0.4947	25.0	645.0	0.0046	41.0	58.5	0.0232	2.2802	49.4721
YPR119W_mRNA	YPR119W	101	2515	555.0	0.2207	723.0	1744.0	0.0099	2.0	169.0	0.1881	2.8317	55.4059
YPR120C_mRNA	YPR120C	95	1647	407.0	0.2471	407.5	1126.0	0.0	0.0	173.0	0.1263	6.6105	50.5053
YPR121W_mRNA	YPR121W	17	2700	467.0	0.173	45.6	2157.0	0.0588	0.0	1.0	0.8824	5.5294	29.0588
YPR122W_mRNA	YPR122W	63	4121	403.0	0.0978	306.1	3313.0	0.0317	1.0	26.0	0.2063	3.619	35.5873
YPR124W_mRNA	YPR124W	339	1648	455.0	0.2761	23.0	1121.0	0.0059	11.0	17.0	0.0413	3.4572	42.1917
YPR125W_mRNA	YPR125W	95	1775	467.0	0.2631	9.0	1170.0	0.0737	128.4	129.0	0.0	9.6	41.7579
YPR127W_mRNA	YPR127W	104	1451	501.5	0.3456	211.15	908.0	0.0096	0.15	6.0	0.8654	2.4808	52.0
YPR128C_mRNA	YPR128C	103	1206	527.0	0.437	8.0	599.0	0.0777	47.5	73.0	0.0291	1.7087	47.8932
YPR129W_mRNA	YPR129W	134	1185	738.0	0.6228	32.0	418.5	0.0	0.0	8.0	0.8507	1.6567	46.1567
YPR130C_mRNA	YPR130C	88	1154	409.0	0.3544	1.0	397.5	0.1591	330.0	344.0	0.0114	1.8977	31.5909
YPR131C_mRNA	YPR131C	55	860	635.0	0.7384	48.0	92.0	0.0	0.0	9.0	0.6182	1.1818	45.0909
YPR132W_mRNA	YPR132W	14439	743	536.0	0.7214	30.0	39.0	0.0037	126.0	161.0	0.0	1.9963	38.8383
YPR133C_mRNA	YPR133C	299	1497	588.0	0.3928	80.2	791.0	0.0	54.0	95.0	0.0201	2.2475	40.6388
YPR133W-A_mRNA	YPR133W-A	441	443	331.0	0.7472	87.0	109.0	0.0023	0.0	1.0	0.8889	1.1247	47.7438
YPR134W_mRNA	YPR134W	89	984	659.0	0.6697	5.6	323.0	0.0562	0.0	15.0	0.4045	6.7528	44.0225
YPR135W_mRNA	YPR135W	33	2896	473.0	0.1633	1354.4	2400.0	0.0	0.0	8.0	0.8485	1.5455	47.3333
YPR137C-A_mRNA	YPR137C-A	6	1323	718.5	0.5431	0.0	0.0	1.0	362.5	604.5	0.0	34.0	68.8333
YPR137C-B_mRNA	YPR137C-B	1077	5268	1573.0	0.2986	0.0	3476.0	0.0669	0.0	0.0	0.7047	6.3203	268.4336
YPR137W_mRNA	YPR137W	160	2873	434.0	0.1511	211.95	2092.0	0.0	14.0	33.0	0.0375	1.6562	43.1188
YPR138C_mRNA	YPR138C	88	1926	476.5	0.2474	93.5	1174.0	0.0	0.0	16.0	0.4205	2.1705	56.2273
YPR139C_mRNA	YPR139C	164	1113	688.0	0.6181	14.3	379.5	0.0305	24.15	41.0	0.0183	2.8476	35.4512
YPR140W_mRNA	YPR140W	79	1409	502.0	0.3563	19.0	778.0	0.0	7.9	80.0	0.0633	3.5063	39.5316
YPR141C_mRNA	YPR141C	41	2531	425.0	0.1679	760.0	2037.0	0.0	0.0	49.0	0.3415	3.0732	46.1951
YPR143W_mRNA	YPR143W	290	1108	493.0	0.4449	41.45	469.5	0.0	101.0	132.5	0.0138	1.7621	42.831
YPR144C_mRNA	YPR144C	131	1797	476.0	0.2649	12.0	1220.0	0.0305	22.0	45.0	0.0229	2.3511	48.6107
YPR145W_mRNA	YPR145W	3123	1996	332.0	0.1663	95.1	1630.0	0.0003	2.0	17.0	0.3644	2.4019	38.341
YPR145C-A_mRNA	YPR145C-A	153	1006	484.0	0.4811	213.8	483.0	0.0	0.0	0.0	0.7582	2.3922	67.4967
YPR146C_mRNA	YPR146C	102	1638	661.0	0.4035	17.1	499.0	0.0392	22.75	447.5	0.0588	3.1667	41.9608
YPR147C_mRNA	YPR147C	88	1267	605.5	0.4779	29.05	585.5	0.0114	70.45	77.0	0.0	2.4205	41.8977
YPR148C_mRNA	YPR148C	236	1575	444.5	0.2822	61.0	1010.0	0.0042	78.0	104.5	0.0	2.4322	44.2797
YPR149W_mRNA	YPR149W	845	1326	722.0	0.5445	10.0	293.0	0.0734	4.0	245.0	0.0698	3.0272	54.4485
YPR151C_mRNA	YPR151C	32	1505	346.5	0.2302	224.4	519.0	0.0	1.1	694.0	0.2188	2.6562	34.2812
YPR152C_mRNA	YPR152C	24	1838	346.0	0.1882	680.0	1376.0	0.0417	1.45	16.5	0.4583	19.8333	36.625
YPR153W_mRNA	YPR153W	18	1399	657.5	0.47	0.0	731.0	0.1667	0.85	2.0	0.7222	6.6667	96.7778
YPR154W_mRNA	YPR154W	579	1603	505.0	0.315	610.0	947.0	0.0017	0.0	119.0	0.228	3.8325	46.4853
YPR155C_mRNA	YPR155C	56	2066	481.0	0.2328	22.25	1499.5	0.0	5.0	45.5	0.1429	2.5893	38.3036
YPR156C_mRNA	YPR156C	209	2490	442.0	0.1775	116.4	1782.0	0.0	0.0	59.0	0.1148	6.3158	59.1435
YPR157W_mRNA	YPR157W	52	2040	389.5	0.1909	0.0	1586.5	0.0769	0.0	1.0	0.7885	12.8846	58.7115
YPR158C-D_mRNA	YPR158C-D	404	5268	358.5	0.0681	1529.85	4876.5	0.005	0.0	0.0	0.7203	4.0866	276.0149
YPR158W-A_mRNA	YPR158W-A	1	1323	682.0	0.5155	0.0	0.0	1.0	641.0	641.0	0.0	43.0	8.0
YPR158W-B_mRNA	YPR158W-B	1450	5271	729.0	0.1383	1602.35	4443.0	0.0041	0.0	0.0	0.8621	2.7069	322.431
YPR158W_mRNA	YPR158W	608	1021	541.5	0.5304	41.0	440.5	0.0	0.0	5.5	0.6217	2.1974	43.8553
YPR159C-A_mRNA	YPR159C-A	2	102	93.0	0.9118	0.5	5.0	1.0	0.4	4.0	1.0	117.0	383.5
YPR159W_mRNA	YPR159W	355	2783	530.0	0.1904	285.7	2200.0	0.0	0.0	21.0	0.1268	2.4169	51.631
YPR160C-A_mRNA	YPR160C-A	3	1459	190.0	0.1302	57.2	545.0	0.3333	238.3	736.0	0.0	1.3333	76.6667
YPR160W_mRNA	YPR160W	205	3014	570.0	0.1891	84.4	2346.0	0.039	0.0	32.0	0.4049	10.922	55.8439
YPR161C_mRNA	YPR161C	101	2175	403.0	0.1853	19.0	1755.0	0.0495	0.0	39.0	0.1584	4.4158	55.8119
YPR162C_mRNA	YPR162C	60	1670	461.0	0.276	0.0	1061.0	0.0833	0.0	14.0	0.3833	6.8333	45.85
YPR163C_mRNA	YPR163C	438	1645	449.5	0.2733	84.4	1150.0	0.0	0.0	18.0	0.3333	3.0913	39.9863
YPR164W_mRNA	YPR164W	39	4970	666.0	0.134	1629.8	3766.0	0.0	267.3	440.0	0.0256	2.1282	62.1026
YPR165W_mRNA	YPR165W	1124	1564	540.0	0.3453	486.3	951.5	0.0018	0.0	19.0	0.4279	2.5311	52.9128
YPR166C_mRNA	YPR166C	490	607	443.0	0.7298	103.0	132.0	0.0102	3.0	31.5	0.1898	1.8633	45.1571
YPR167C_mRNA	YPR167C	120	1118	562.5	0.5031	216.0	532.0	0.0	1.95	20.0	0.2417	2.35	35.175
YPR168W_mRNA	YPR168W	32	2716	890.5	0.3279	473.1	1496.5	0.0	0.0	1.5	0.75	1.8438	94.2188
YPR169W-A_mRNA	YPR169W-A	1	335	179.0	0.5343	34.0	34.0	0.0	122.0	122.0	0.0	4.0	12.0
YPR169W_mRNA	YPR169W	155	2172	529.0	0.2436	594.7	1603.0	0.0	0.0	23.0	0.3935	1.6	34.9806
YPR170C_mRNA	YPR170C	6	1089	133.0	0.1221	442.25	786.0	0.0	1.5	170.0	0.3333	0.8333	205.6667
YPR170W-A_mRNA	YPR170W-A	95	617	251.0	0.4068	22.8	318.0	0.0316	24.4	39.0	0.0105	3.7368	49.2421
YPR170W-B_mRNA	YPR170W-B	1567	562	456.0	0.8114	1.0	26.0	0.141	48.6	79.0	0.0006	3.8156	55.568
YPR171W_mRNA	YPR171W	72	1891	351.0	0.1856	126.5	1531.5	0.0	0.55	16.0	0.3333	1.8056	53.2639
YPR172W_mRNA	YPR172W	35	911	550.0	0.6037	1.0	77.0	0.1714	156.7	213.0	0.0	1.2857	64.0286
YPR173C_mRNA	YPR173C	193	2895	434.0	0.1499	154.2	1541.0	0.0259	37.8	931.0	0.0466	9.4974	39.3679
YPR174C_mRNA	YPR174C	23	857	717.0	0.8366	16.8	70.0	0.0	26.3	56.0	0.0	1.6957	49.2174
YPR175W_mRNA	YPR175W	176	2154	561.0	0.2604	50.0	1560.5	0.0114	0.0	1.0	0.8636	3.392	60.3977
YPR176C_mRNA	YPR176C	167	1197	821.0	0.6859	39.0	322.0	0.012	0.0	8.0	0.6527	5.7844	49.3174
YPR178W_mRNA	YPR178W	32	1524	760.0	0.4987	36.1	573.0	0.0	1.0	41.5	0.25	2.2188	49.3438
YPR179C_mRNA	YPR179C	72	2167	310.5	0.1433	152.15	1817.5	0.0	3.0	44.0	0.1111	2.9861	43.4167
YPR180W_mRNA	YPR180W	155	1151	666.0	0.5786	19.0	417.0	0.0129	0.0	7.0	0.5484	2.2387	65.8194
YPR181C_mRNA	YPR181C	404	2622	547.5	0.2088	83.05	2044.0	0.0	0.0	3.0	0.6708	3.0644	66.9926
YPR182W_mRNA	YPR182W	121	580	382.0	0.6586	182.0	190.0	0.0083	0.0	4.0	0.7521	2.5537	48.9008
YPR183W_mRNA	YPR183W	614	1389	681.5	0.4906	19.65	247.0	0.0293	436.0	452.0	0.0	3.93	46.1678
YPR184W_mRNA	YPR184W	23	5152	695.0	0.1349	766.6	4399.0	0.0	0.0	6.0	0.5652	3.087	52.2609
YPR185W_mRNA	YPR185W	93	2835	582.0	0.2053	21.4	2109.0	0.0108	1.0	21.0	0.4194	3.0108	54.8817
YPR186C_mRNA	YPR186C	52	1444	488.0	0.338	34.85	937.0	0.0	0.0	3.5	0.75	1.2885	39.3654
YPR187W_mRNA	YPR187W	1742	1298	560.0	0.4314	3.0	37.0	0.1125	531.05	686.0	0.0	2.5362	34.4259
YPR188C_mRNA	YPR188C	167	708	540.0	0.7627	19.0	56.0	0.018	11.0	115.0	0.0419	1.2036	43.509
YPR189W_mRNA	YPR189W	208	5008	508.5	0.1015	2220.5	4428.5	0.0	0.35	25.0	0.4663	1.6875	47.9615
YPR190C_mRNA	YPR190C	182	2098	476.0	0.2269	13.05	1578.5	0.0385	3.05	24.0	0.1703	2.0275	41.5275
YPR191W_mRNA	YPR191W	378	1667	600.0	0.3599	17.0	739.5	0.0212	257.0	276.5	0.0026	2.2989	52.4683
YPR192W_mRNA	YPR192W	3	1171	1011.0	0.8634	78.0	141.0	0.0	14.5	19.0	0.0	0.3333	34.0
YPR193C_mRNA	YPR193C	13	1143	372.0	0.3255	1.8	513.0	0.2308	0.0	21.0	0.4615	26.3077	61.6154
YPR194C_mRNA	YPR194C	62	3173	565.5	0.1782	0.0	1248.5	0.1935	0.0	798.0	0.3871	35.9516	53.371
YPR195C_mRNA	YPR195C	38	330	277.5	0.8409	19.55	51.5	0.0526	0.0	0.0	0.8947	4.8421	571.7105
YPR196W_mRNA	YPR196W	32	2321	414.0	0.1784	8.5	677.5	0.0625	7.85	911.0	0.0625	86.2812	44.4375
YPR197C_mRNA	YPR197C	8	564	234.0	0.4149	190.6	327.5	0.0	0.0	0.0	0.875	0.875	198.0
YPR198W_mRNA	YPR198W	181	1897	639.0	0.3368	33.0	1054.0	0.0055	0.0	122.0	0.1105	3.7514	53.2652
YPR199C_mRNA	YPR199C	77	1146	673.0	0.5873	82.8	468.0	0.0	0.0	7.0	0.5844	2.1688	47.6234
YPR200C_mRNA	YPR200C	42	1986	249.0	0.1254	1327.85	1736.5	0.0	0.0	0.0	0.9524	1.381	44.2381
YPR201W_mRNA	YPR201W	8	1560	356.5	0.2285	14.95	901.5	0.125	0.0	21.5	0.5	0.75	438.25
YPR202W_mRNA	YPR202W	2	717	217.5	0.3033	24.05	69.5	0.0	392.2	430.0	0.0	2.0	44.0
YPR204C-A_mRNA	YPR204C-A	1	483	92.0	0.1905	311.0	311.0	0.0	80.0	80.0	0.0	1.0	3.0
YPR204W_mRNA	YPR204W	41	3620	370.0	0.1022	1695.0	2936.0	0.0	286.0	298.0	0.0	2.9756	37.8049
